32840 32840 32843 32766 
44738 44740 44738 44726 
44733 44734 44733 44721 
44737 44738 44736 44725 
44738 44739 44740 44727 
44737 44739 44737 44727 
44742 44741 44742 44728 
44736 44736 44735 44724 
44741 44742 44742 44730 
44744 44746 44744 44732 
44742 44741 44740 44728 
32845 32846 32846 32769 
32850 32850 32850 32775 
32849 32849 32848 32773 
32846 32846 32845 32769 
32844 32845 32846 32770 
32842 32842 32843 32767 
32845 32847 32847 32772 
32842 32841 32841 32765 
32837 32839 32837 32763 
32837 32840 32842 32764 
44739 44738 44738 44726 
44735 44734 44732 44721 
44735 44736 44734 44723 
44738 44740 44737 44727 
44739 44739 44739 44727 
44739 44739 44738 44728 
44736 44736 44736 44725 
44744 44743 44743 44730 
44747 44745 44745 44733 
44741 44741 44741 44729 
32844 32847 32847 32767 
32851 32851 32851 32774 
32849 32849 32849 32770 
32846 32847 32847 32767 
32847 32847 32847 32769 
32843 32844 32844 32766 
32847 32847 32848 32769 
32842 32842 32844 32763 
32841 32840 32842 32762 
32841 32842 32841 32763 
44738 44739 44736 44726 
44735 44735 44736 44724 
44736 44736 44737 44724 
44739 44740 44739 44726 
44739 44738 44739 44727 
44739 44741 44739 44728 
44735 44736 44736 44723 
44742 44742 44741 44729 
44747 44746 44746 44733 
44741 44742 44743 44728 
32849 32849 32848 32768 
32853 32853 32851 32774 
32850 32849 32850 32770 
32846 32848 32847 32765 
32847 32847 32848 32768 
32845 32845 32844 32765 
32847 32848 32849 32771 
32841 32842 32843 32765 
32839 32839 32841 32762 
32838 32839 32839 32767 
44738 44738 44738 44725 
44734 44736 44736 44722 
44735 44735 44737 44726 
44738 44737 44737 44727 
44739 44740 44738 44728 
44738 44741 44739 44727 
44734 44735 44736 44724 
44739 44739 44738 44729 
44745 44745 44746 44734 
44741 44741 44742 44730 
32845 32845 32845 32769 
32852 32852 32852 32778 
32848 32848 32849 32772 
32846 32846 32845 32771 
32844 32845 32847 32770 
32843 32844 32843 32768 
32849 32846 32847 32772 
32840 32839 32841 32764 
32839 32839 32841 32765 
32840 32840 32839 32764 
44739 44739 44737 44725 
44734 44733 44734 44722 
44736 44736 44737 44725 
44738 44740 44740 44728 
44737 44737 44736 44726 
44740 44740 44739 44730 
44735 44736 44736 44724 
44741 44742 44740 44728 
44745 44745 44744 44731 
44739 44741 44742 44730 
32847 32847 32847 32770 
32850 32850 32850 32772 
32852 32853 32850 32771 
32847 32848 32847 32767 
32846 32848 32849 32768 
32844 32845 32844 32764 
32849 32850 32847 32768 
32843 32843 32844 32761 
32838 32839 32840 32760 
32842 32843 32842 32763 
44741 44738 44739 44725 
44735 44736 44736 44722 
44736 44737 44737 44723 
44739 44740 44738 44727 
44741 44739 44738 44729 
44740 44740 44740 44729 
44737 44738 44736 44726 
44744 44742 44742 44729 
44746 44747 44745 44733 
44740 44740 44741 44729 
32846 32848 32847 32769 
32853 32852 32851 32773 
32850 32850 32850 32770 
32847 32848 32848 32769 
32849 32848 32848 32769 
32845 32845 32844 32766 
32846 32846 32846 32769 
32840 32840 32841 32763 
32838 32840 32839 32761 
32841 32840 32841 32764 
44739 44739 44740 44726 
44735 44735 44737 44723 
44736 44737 44736 44725 
44737 44737 44737 44725 
44738 44737 44738 44726 
44739 44741 44741 44727 
44736 44734 44734 44724 
44742 44743 44741 44729 
44746 44747 44746 44734 
44742 44741 44741 44729 
32846 32845 32844 32770 
32850 32851 32850 32776 
32848 32848 32849 32773 
32845 32845 32845 32768 
32846 32845 32845 32772 
32843 32843 32844 32769 
32847 32846 32847 32772 
32840 32840 32842 32765 
32839 32838 32839 32764 
32839 32839 32840 32765 
44738 44738 44736 44724 
44734 44734 44735 44721 
44738 44737 44736 44726 
44738 44739 44739 44726 
44740 44739 44739 44726 
44740 44739 44741 44730 
44736 44736 44735 44725 
44741 44741 44741 44730 
44745 44747 44745 44733 
44739 44742 44743 44730 
32846 32847 32846 32769 
32852 32851 32851 32773 
32850 32852 32849 32768 
32847 32847 32847 32766 
32845 32846 32846 32769 
32844 32844 32844 32765 
32849 32851 32849 32769 
32842 32841 32842 32763 
32840 32840 32843 32763 
32842 32842 32842 32762 
44737 44738 44738 44725 
44734 44734 44735 44722 
44737 44737 44736 44725 
44739 44740 44740 44725 
44740 44739 44739 44726 
44743 44740 44742 44730 
44737 44737 44737 44726 
44741 44741 44742 44729 
44745 44746 44745 44733 
44742 44742 44741 44731 
32848 32846 32848 32768 
32853 32853 32853 32773 
32850 32851 32850 32772 
32846 32847 32848 32770 
32847 32846 32848 32767 
32844 32843 32843 32765 
32847 32848 32847 32771 
32842 32843 32844 32764 
32837 32839 32839 32762 
32841 32843 32842 32767 
44738 44739 44739 44727 
44735 44735 44735 44723 
44737 44735 44736 44724 
44737 44739 44738 44727 
44737 44739 44739 44729 
44738 44739 44741 44727 
44737 44738 44737 44724 
44742 44741 44740 44731 
44744 44745 44745 44735 
44741 44741 44742 44731 
32844 32845 32845 32769 
32851 32851 32852 32775 
32847 32848 32846 32773 
32847 32846 32847 32770 
32846 32847 32845 32769 
32845 32844 32842 32768 
32846 32845 32847 32770 
32840 32842 32842 32767 
32839 32840 32838 32764 
32838 32840 32838 32763 
44738 44738 44741 44726 
44735 44736 44735 44722 
44737 44737 44736 44724 
44737 44738 44736 44726 
44736 44738 44738 44726 
44740 44741 44740 44729 
44738 44736 44737 44724 
44743 44742 44743 44730 
44743 44745 44747 44734 
44742 44742 44742 44729 
32846 32845 32845 32767 
32851 32850 32851 32774 
32851 32850 32850 32771 
32846 32847 32848 32768 
32847 32849 32846 32768 
32845 32845 32845 32766 
32849 32849 32850 32768 
32841 32841 32841 32762 
32839 32839 32840 32762 
32841 32842 32842 32763 
44737 44738 44739 44724 
44735 44734 44738 44722 
44739 44737 44737 44725 
44739 44741 44739 44727 
44739 44740 44739 44726 
44741 44740 44740 44730 
44736 44735 44737 44723 
44742 44743 44740 44728 
44745 44744 44745 44733 
44744 44743 44742 44733 
32847 32848 32848 32768 
32851 32853 32851 32772 
32851 32848 32850 32769 
32846 32847 32847 32769 
32846 32847 32848 32768 
32843 32844 32843 32765 
32849 32847 32847 32771 
32844 32842 32843 32766 
32840 32841 32840 32763 
32841 32840 32841 32763 
44739 44738 44738 44725 
44735 44734 44736 44722 
44737 44739 44736 44723 
44739 44739 44740 44727 
44738 44739 44739 44727 
44741 44740 44740 44729 
44736 44737 44737 44723 
44742 44742 44743 44729 
44746 44744 44745 44734 
44741 44741 44740 44729 
32846 32847 32844 32770 
32848 32850 32850 32774 
32849 32848 32850 32773 
32847 32847 32845 32770 
32846 32846 32846 32770 
32842 32844 32842 32767 
32845 32846 32848 32772 
32841 32841 32841 32766 
32839 32837 32837 32763 
32843 32843 32839 32765 
44738 44739 44739 44725 
44733 44734 44735 44722 
44737 44737 44735 44722 
44739 44739 44738 44725 
44737 44738 44739 44727 
44741 44742 44740 44728 
44738 44737 44736 44725 
44741 44740 44742 44729 
44744 44745 44745 44733 
44742 44740 44740 44728 
32846 32847 32846 32767 
32849 32850 32852 32772 
32847 32849 32850 32769 
32849 32847 32848 32769 
32850 32848 32847 32767 
32844 32845 32844 32766 
32846 32847 32848 32768 
32842 32842 32841 32763 
32841 32841 32841 32761 
32841 32843 32842 32762 
44738 44739 44739 44726 
44734 44735 44735 44722 
44738 44737 44737 44723 
44738 44739 44741 44726 
44739 44741 44739 44728 
44742 44741 44739 44728 
44736 44738 44737 44724 
44742 44742 44743 44730 
44744 44746 44746 44734 
44745 44742 44742 44730 
32846 32845 32846 32768 
32850 32854 32852 32774 
32850 32850 32849 32769 
32848 32847 32848 32768 
32847 32848 32848 32767 
32843 32843 32845 32766 
32847 32848 32849 32770 
32840 32841 32840 32762 
32838 32840 32839 32762 
32840 32841 32841 32764 
44739 44738 44739 44726 
44735 44736 44736 44722 
44738 44740 44737 44723 
44738 44738 44739 44727 
44737 44736 44735 44726 
44740 44740 44738 44728 
44737 44737 44737 44725 
44741 44742 44743 44730 
44745 44743 44743 44734 
44742 44742 44743 44731 
32844 32846 32845 32771 
32848 32849 32849 32776 
32847 32847 32847 32773 
32847 32847 32847 32771 
32846 32847 32845 32770 
32843 32843 32843 32767 
32847 32848 32847 32773 
32842 32840 32840 32765 
32838 32841 32839 32763 
32840 32840 32840 32764 
44736 44738 44737 44726 
44734 44736 44736 44723 
44735 44738 44737 44724 
44738 44738 44739 44727 
44737 44738 44737 44726 
44740 44741 44741 44728 
44736 44736 44736 44726 
44742 44741 44741 44731 
44744 44743 44743 44734 
44743 44743 44742 44730 
32848 32848 32848 32769 
32850 32848 32849 32772 
32850 32850 32850 32772 
32846 32848 32846 32768 
32846 32847 32847 32768 
32844 32843 32844 32767 
32848 32849 32849 32771 
32844 32843 32844 32763 
32841 32841 32841 32760 
32842 32842 32843 32764 
44738 44738 44740 44728 
44737 44735 44734 44723 
44735 44737 44736 44723 
44738 44739 44741 44727 
44738 44739 44737 44727 
44741 44740 44740 44727 
44738 44739 44739 44726 
44742 44742 44742 44729 
44744 44745 44745 44732 
44743 44743 44742 44728 
32846 32847 32848 32769 
32851 32850 32851 32774 
32851 32850 32850 32771 
32848 32849 32848 32770 
32848 32848 32848 32769 
32843 32844 32846 32767 
32847 32846 32847 32770 
32842 32842 32842 32763 
32839 32839 32841 32762 
32841 32840 32841 32765 
44739 44739 44739 44727 
44736 44737 44736 44722 
44738 44737 44738 44725 
44737 44737 44738 44725 
44738 44738 44737 44726 
44741 44741 44738 44727 
44736 44738 44735 44724 
44742 44742 44741 44730 
44746 44746 44746 44734 
44742 44743 44743 44730 
32843 32843 32844 32770 
32849 32851 32850 32776 
32849 32848 32847 32773 
32846 32846 32847 32771 
32846 32847 32848 32770 
32844 32844 32844 32770 
32848 32847 32847 32771 
32841 32839 32841 32765 
32839 32838 32840 32765 
32839 32840 32840 32764 
44737 44736 44738 44724 
44736 44736 44737 44722 
44737 44737 44739 44726 
44739 44738 44740 44728 
44737 44737 44737 44725 
44739 44741 44740 44729 
44737 44738 44738 44725 
44741 44739 44739 44730 
44745 44745 44744 44734 
44743 44744 44742 44730 
32847 32847 32848 32769 
32850 32849 32848 32772 
32851 32849 32849 32770 
32848 32849 32848 32768 
32846 32847 32847 32765 
32845 32844 32844 32767 
32850 32851 32848 32771 
32843 32844 32844 32763 
32838 32841 32839 32760 
32841 32841 32840 32762 
44738 44737 44739 44726 
44734 44736 44735 44721 
44739 44738 44737 44724 
44738 44739 44739 44727 
44739 44740 44739 44726 
44741 44743 44740 44728 
44738 44737 44738 44725 
44742 44741 44740 44730 
44745 44745 44744 44730 
44743 44743 44743 44730 
32848 32848 32848 32769 
32850 32851 32850 32772 
32852 32850 32851 32769 
32846 32849 32846 32768 
32847 32846 32847 32769 
32843 32841 32843 32766 
32849 32848 32848 32770 
32842 32843 32841 32765 
32839 32839 32840 32762 
32841 32842 32840 32767 
44738 44739 44738 44726 
44736 44736 44735 44723 
44735 44735 44736 44723 
44738 44739 44740 44727 
44738 44738 44738 44726 
44740 44739 44739 44726 
44738 44739 44740 44726 
44740 44740 44741 44729 
44744 44745 44743 44731 
44741 44741 44741 44729 
32845 32846 32845 32772 
32850 32849 32849 32775 
32849 32850 32847 32771 
32846 32847 32846 32771 
32845 32846 32846 32771 
32843 32844 32842 32767 
32847 32848 32847 32771 
32841 32840 32843 32768 
32839 32838 32839 32765 
32839 32840 32839 32764 
44738 44739 44739 44727 
44735 44734 44736 44723 
44737 44734 44736 44726 
44736 44736 44737 44725 
44738 44738 44736 44727 
44739 44739 44740 44728 
44736 44737 44736 44725 
44741 44741 44741 44730 
44744 44743 44744 44732 
44741 44742 44743 44730 
32845 32845 32846 32768 
32850 32851 32849 32772 
32851 32850 32850 32770 
32845 32846 32848 32768 
32846 32847 32847 32768 
32846 32845 32845 32766 
32848 32848 32848 32771 
32841 32841 32842 32763 
32839 32842 32839 32761 
32842 32841 32840 32762 
44737 44737 44738 44727 
44736 44735 44737 44723 
44737 44738 44737 44725 
44739 44738 44737 44725 
44737 44737 44736 44726 
44738 44739 44741 44727 
44738 44737 44738 44725 
44741 44741 44738 44728 
44745 44745 44746 44733 
44743 44744 44745 44730 
32847 32846 32847 32768 
32851 32849 32848 32770 
32849 32849 32849 32771 
32846 32847 32849 32767 
32848 32846 32847 32768 
32845 32845 32844 32768 
32849 32849 32849 32772 
32842 32842 32843 32766 
32838 32840 32838 32761 
32840 32840 32840 32763 
44738 44738 44738 44726 
44733 44735 44734 44722 
44737 44736 44736 44725 
44738 44738 44740 44727 
44739 44738 44738 44727 
44740 44739 44739 44728 
44737 44738 44738 44727 
44742 44742 44742 44729 
44743 44745 44743 44731 
44742 44741 44743 44731 
32846 32846 32845 32771 
32848 32847 32848 32774 
32847 32849 32849 32772 
32845 32845 32845 32770 
32846 32844 32844 32770 
32842 32842 32845 32767 
32847 32848 32847 32773 
32842 32840 32842 32766 
32838 32838 32838 32763 
32839 32840 32841 32764 
44737 44737 44738 44726 
44734 44735 44735 44723 
44735 44735 44735 44725 
44737 44738 44740 44726 
44738 44738 44737 44727 
44740 44739 44739 44727 
44739 44738 44739 44727 
44741 44741 44740 44730 
44744 44745 44744 44731 
44741 44742 44741 44729 
32847 32845 32847 32769 
32849 32850 32850 32771 
32850 32850 32850 32770 
32848 32850 32848 32770 
32846 32845 32846 32767 
32845 32845 32845 32764 
32847 32849 32849 32770 
32843 32843 32844 32765 
32840 32841 32840 32762 
32840 32841 32841 32760 
44738 44740 44740 44728 
44735 44735 44734 44725 
44737 44738 44736 44724 
44738 44739 44739 44725 
44739 44738 44739 44724 
44741 44740 44741 44728 
44738 44738 44737 44725 
44742 44743 44741 44729 
44746 44744 44745 44732 
44742 44743 44744 44731 
32847 32846 32847 32769 
32851 32851 32850 32772 
32851 32852 32851 32771 
32847 32847 32846 32768 
32846 32847 32847 32767 
32845 32845 32844 32766 
32846 32847 32847 32772 
32840 32841 32841 32763 
32838 32839 32839 32761 
32839 32839 32841 32765 
44737 44739 44738 44725 
44737 44737 44736 44725 
44736 44737 44737 44724 
44737 44739 44738 44727 
44736 44737 44738 44726 
44741 44738 44739 44727 
44739 44737 44738 44725 
44740 44740 44740 44729 
44744 44744 44743 44732 
44741 44742 44744 44731 
32845 32844 32846 32770 
32848 32848 32847 32771 
32846 32847 32847 32772 
32845 32847 32846 32771 
32845 32844 32845 32768 
32844 32845 32843 32768 
32844 32848 32848 32771 
32842 32842 32842 32769 
32838 32838 32837 32762 
32837 32840 32839 32763 
44737 44736 44740 44724 
44734 44734 44735 44721 
44736 44737 44736 44726 
44738 44738 44740 44727 
44739 44738 44738 44727 
44740 44740 44739 44727 
44739 44738 44737 44725 
44739 44739 44739 44728 
44742 44743 44742 44732 
44743 44743 44742 44731 
32846 32848 32846 32770 
32849 32850 32849 32772 
32852 32849 32852 32772 
32845 32848 32846 32768 
32847 32847 32846 32768 
32844 32845 32846 32764 
32845 32847 32849 32769 
32844 32843 32844 32767 
32841 32840 32839 32761 
32840 32842 32842 32764 
44738 44737 44738 44724 
44734 44733 44735 44721 
44737 44738 44736 44726 
44738 44739 44739 44727 
44740 44740 44738 44726 
44741 44740 44740 44728 
44741 44740 44741 44726 
44742 44742 44740 44729 
44746 44743 44744 44732 
44741 44743 44743 44731 
32847 32848 32849 32769 
32850 32851 32851 32772 
32849 32849 32850 32770 
32849 32849 32850 32770 
32846 32847 32846 32767 
32843 32844 32845 32764 
32843 32844 32845 32769 
32842 32842 32844 32766 
32840 32841 32838 32762 
32839 32840 32839 32763 
44738 44739 44740 44727 
44736 44734 44736 44722 
44737 44739 44737 44725 
44737 44738 44738 44726 
44738 44737 44737 44727 
44741 44740 44739 44727 
44739 44739 44738 44725 
44741 44740 44743 44731 
44745 44745 44745 44733 
44743 44742 44743 44732 
32845 32846 32847 32769 
32848 32848 32848 32773 
32848 32848 32848 32772 
32845 32846 32845 32771 
32845 32847 32847 32771 
32844 32844 32844 32769 
32845 32843 32845 32772 
32842 32840 32842 32766 
32838 32839 32838 32763 
32838 32839 32839 32764 
44736 44737 44736 44724 
44736 44735 44735 44723 
44736 44736 44736 44725 
44737 44738 44738 44727 
44737 44735 44734 44725 
44741 44740 44739 44728 
44739 44739 44737 44728 
44738 44739 44740 44728 
44745 44744 44744 44733 
44743 44741 44743 44731 
32848 32847 32846 32769 
32848 32849 32850 32769 
32849 32849 32850 32771 
32848 32847 32848 32768 
32845 32846 32846 32768 
32843 32845 32846 32765 
32846 32846 32847 32766 
32844 32843 32843 32764 
32839 32841 32839 32761 
32839 32841 32841 32762 
44738 44738 44738 44725 
44736 44735 44734 44720 
44736 44737 44737 44724 
44738 44739 44740 44727 
44740 44739 44740 44726 
44740 44741 44741 44728 
44740 44739 44740 44726 
44742 44741 44742 44728 
44745 44744 44743 44731 
44743 44743 44743 44730 
32848 32849 32848 32768 
32849 32850 32850 32772 
32850 32850 32850 32772 
32848 32850 32848 32767 
32846 32848 32848 32768 
32843 32843 32845 32765 
32844 32845 32844 32766 
32842 32843 32843 32766 
32838 32840 32839 32763 
32839 32839 32842 32765 
44737 44739 44738 44725 
44736 44736 44735 44723 
44735 44735 44735 44723 
44737 44738 44738 44728 
44738 44739 44737 44726 
44738 44740 44738 44728 
44740 44740 44740 44727 
44740 44739 44740 44728 
44743 44744 44743 44732 
44740 44740 44741 44729 
32845 32847 32846 32772 
32850 32848 32848 32773 
32847 32848 32849 32774 
32846 32847 32846 32771 
32845 32845 32846 32769 
32842 32843 32843 32768 
32844 32842 32842 32768 
32842 32842 32843 32766 
32838 32840 32842 32764 
32839 32837 32838 32763 
44738 44737 44737 44726 
44735 44735 44734 44723 
44735 44737 44737 44726 
44736 44737 44737 44728 
44738 44738 44737 44726 
44740 44742 44742 44728 
44738 44740 44738 44726 
44740 44740 44741 44730 
44742 44743 44744 44732 
44743 44742 44742 44730 
32846 32846 32847 32769 
32850 32850 32851 32771 
32850 32850 32851 32772 
32847 32847 32848 32769 
32848 32849 32850 32769 
32844 32846 32844 32766 
32844 32845 32846 32767 
32842 32844 32844 32764 
32840 32840 32840 32762 
32839 32839 32841 32761 
44737 44738 44738 44725 
44736 44738 44736 44723 
44737 44739 44738 44725 
44739 44738 44740 44729 
44738 44738 44736 44726 
44740 44741 44739 44728 
44739 44739 44738 44728 
44740 44739 44739 44730 
44745 44745 44744 44732 
44744 44744 44743 44730 
32848 32849 32850 32771 
32848 32848 32850 32770 
32850 32850 32850 32772 
32848 32847 32848 32767 
32845 32847 32847 32768 
32844 32845 32845 32767 
32842 32844 32843 32765 
32841 32843 32842 32765 
32836 32837 32839 32760 
32839 32839 32839 32764 
44739 44737 44737 44725 
44734 44735 44735 44723 
44735 44737 44739 44725 
44739 44739 44738 44726 
44739 44737 44737 44726 
44739 44739 44738 44729 
44738 44737 44737 44728 
44740 44741 44740 44729 
44743 44742 44742 44730 
44742 44743 44743 44731 
32847 32847 32848 32772 
32849 32848 32848 32774 
32847 32848 32848 32771 
32846 32846 32847 32769 
32844 32843 32844 32769 
32843 32842 32843 32770 
32843 32843 32843 32769 
32842 32843 32843 32768 
32836 32840 32838 32763 
32839 32838 32839 32765 
44738 44737 44737 44726 
44735 44736 44735 44723 
44737 44738 44737 44726 
44738 44738 44738 44728 
44738 44739 44738 44728 
44739 44740 44741 44726 
44740 44740 44739 44729 
44738 44739 44739 44730 
44743 44742 44743 44731 
44742 44743 44741 44730 
32846 32847 32849 32768 
32850 32849 32849 32773 
32850 32850 32851 32771 
32848 32849 32849 32768 
32846 32846 32847 32768 
32845 32843 32845 32767 
32843 32845 32846 32766 
32843 32846 32845 32764 
32839 32842 32841 32762 
32839 32839 32838 32761 
44741 44740 44740 44726 
44734 44736 44736 44722 
44736 44736 44736 44725 
44738 44738 44737 44726 
44738 44738 44738 44725 
44739 44741 44741 44728 
44739 44739 44740 44725 
44742 44742 44740 44731 
44743 44744 44742 44732 
44743 44743 44741 44730 
32848 32847 32848 32770 
32851 32850 32851 32771 
32851 32849 32849 32771 
32847 32847 32846 32768 
32848 32848 32849 32771 
32844 32844 32844 32766 
32844 32845 32844 32766 
32841 32843 32843 32764 
32838 32839 32838 32763 
32839 32838 32840 32763 
44737 44739 44737 44726 
44736 44736 44736 44723 
44737 44737 44737 44727 
44737 44738 44738 44727 
44738 44739 44737 44725 
44740 44740 44739 44728 
44739 44738 44739 44729 
44740 44739 44740 44728 
44744 44745 44743 44732 
44743 44744 44742 44732 
32847 32847 32847 32772 
32847 32848 32846 32772 
32849 32848 32847 32772 
32845 32846 32845 32770 
32844 32844 32845 32769 
32844 32843 32844 32770 
32846 32844 32843 32766 
32840 32841 32842 32767 
32836 32837 32838 32764 
32839 32838 32837 32763 
44737 44738 44736 44725 
44734 44734 44735 44723 
44737 44736 44738 44725 
44738 44741 44739 44726 
44737 44737 44738 44725 
44737 44738 44739 44727 
44738 44739 44740 44729 
44741 44740 44740 44727 
44742 44742 44741 44731 
44742 44741 44744 44732 
32847 32850 32848 32772 
32849 32849 32849 32770 
32850 32850 32850 32772 
32847 32845 32848 32767 
32845 32849 32845 32767 
32846 32843 32845 32765 
32844 32846 32846 32766 
32844 32844 32844 32766 
32840 32841 32840 32763 
32840 32839 32840 32761 
44737 44736 44737 44724 
44734 44736 44736 44722 
44736 44738 44736 44724 
44740 44738 44738 44727 
44737 44738 44738 44727 
44739 44740 44741 44727 
44740 44740 44740 44728 
44741 44741 44741 44729 
44743 44743 44745 44732 
44742 44745 44743 44731 
32849 32849 32848 32771 
32851 32849 32848 32774 
32850 32850 32852 32771 
32848 32848 32849 32768 
32848 32847 32848 32769 
32844 32844 32844 32766 
32841 32844 32844 32767 
32843 32841 32844 32764 
32839 32839 32838 32763 
32838 32839 32839 32763 
44738 44739 44741 44727 
44737 44736 44737 44723 
44737 44737 44737 44725 
44738 44737 44737 44725 
44737 44738 44737 44728 
44740 44739 44738 44729 
44737 44738 44737 44727 
44742 44742 44741 44728 
44742 44743 44743 44729 
44742 44740 44742 44731 
32845 32846 32845 32772 
32848 32849 32848 32774 
32848 32849 32848 32772 
32847 32845 32845 32770 
32845 32847 32847 32773 
32843 32844 32845 32767 
32843 32844 32844 32768 
32843 32840 32843 32765 
32838 32839 32839 32765 
32839 32841 32839 32763 
44736 44737 44736 44723 
44735 44735 44736 44724 
44736 44736 44737 44725 
44738 44738 44737 44726 
44738 44738 44737 44726 
44739 44739 44739 44729 
44738 44740 44739 44727 
44740 44741 44737 44727 
44743 44743 44743 44730 
44742 44743 44742 44731 
32848 32848 32847 32771 
32849 32850 32847 32770 
32851 32851 32849 32770 
32848 32846 32848 32770 
32847 32845 32846 32768 
32845 32846 32846 32768 
32843 32845 32846 32767 
32842 32844 32846 32768 
32839 32839 32839 32761 
32839 32840 32839 32760 
44737 44738 44737 44726 
44736 44734 44736 44725 
44738 44737 44737 44723 
44738 44739 44738 44726 
44739 44738 44739 44728 
44738 44738 44736 44726 
44740 44741 44740 44728 
44739 44741 44740 44727 
44743 44742 44742 44732 
44744 44744 44744 44731 
32850 32850 32849 32770 
32851 32850 32850 32774 
32851 32848 32850 32771 
32847 32846 32847 32769 
32846 32847 32847 32769 
32844 32844 32843 32765 
32844 32844 32845 32767 
32843 32843 32842 32766 
32838 32839 32839 32760 
32839 32840 32840 32763 
44737 44738 44739 44726 
44734 44737 44736 44724 
44735 44737 44735 44724 
44737 44738 44738 44729 
44738 44739 44739 44727 
44738 44741 44738 44728 
44740 44739 44738 44727 
44740 44740 44739 44729 
44741 44741 44743 44731 
44743 44742 44742 44730 
32844 32845 32845 32773 
32847 32850 32848 32773 
32848 32850 32850 32773 
32845 32845 32847 32770 
32845 32845 32844 32770 
32843 32844 32844 32767 
32841 32842 32844 32768 
32842 32842 32840 32767 
32838 32839 32838 32763 
32837 32839 32839 32762 
44737 44737 44738 44726 
44738 44736 44736 44726 
44737 44736 44737 44723 
44739 44737 44739 44726 
44738 44737 44738 44727 
44740 44739 44738 44727 
44737 44737 44739 44726 
44740 44741 44741 44730 
44742 44742 44742 44731 
44742 44744 44742 44732 
32848 32848 32847 32770 
32848 32850 32851 32772 
32851 32850 32850 32771 
32848 32845 32846 32767 
32846 32847 32848 32767 
32845 32846 32845 32767 
32843 32844 32846 32765 
32844 32845 32844 32766 
32840 32841 32841 32762 
32840 32841 32839 32760 
44736 44736 44738 44724 
44736 44736 44739 44726 
44737 44738 44738 44724 
44739 44739 44738 44726 
44739 44738 44738 44727 
44740 44739 44740 44727 
44741 44741 44740 44727 
44741 44740 44740 44728 
44745 44742 44742 44733 
44744 44744 44743 44731 
32849 32850 32849 32771 
32849 32849 32849 32771 
32849 32850 32849 32772 
32849 32847 32848 32768 
32846 32846 32846 32766 
32846 32846 32846 32766 
32843 32844 32844 32768 
32843 32842 32845 32767 
32836 32840 32838 32761 
32839 32839 32839 32763 
44737 44737 44738 44726 
44736 44736 44737 44723 
44736 44738 44737 44723 
44738 44738 44738 44725 
44738 44736 44738 44727 
44739 44738 44737 44726 
44739 44738 44738 44726 
44738 44738 44739 44727 
44741 44742 44742 44732 
44744 44745 44743 44732 
32848 32848 32847 32774 
32848 32847 32848 32773 
32847 32846 32844 32771 
32846 32846 32847 32771 
32845 32845 32845 32769 
32842 32842 32844 32770 
32843 32843 32843 32768 
32844 32844 32844 32767 
32838 32839 32839 32764 
32839 32840 32838 32764 
44737 44737 44737 44725 
44735 44735 44736 44723 
4