32850 32848 32849 32768 32771 36003 36523 35779 
32853 32849 32850 32769 32767 34419 35183 35047 
32848 32849 32850 32769 32768 33352 34040 34246 
32849 32848 32847 32768 32768 32619 33116 33482 
32849 32849 32845 32767 32767 32143 32366 32772 
32847 32855 32850 32769 32767 31867 31836 32155 
32847 32848 32848 32769 32768 31685 31434 31642 
32848 32848 32846 32768 32769 31615 31173 31231 
32849 32848 32848 32766 32766 31573 31009 30910 
32845 32847 32848 32770 32767 31570 30895 30669 
32847 32848 32846 32766 32766 31586 30844 30485 
32846 32848 32847 32767 32766 31595 30823 30353 
32845 32846 32846 32768 32765 31620 30815 30277 
32846 32847 32847 32765 32768 31628 30805 30198 
32849 32848 32847 32767 32766 31654 30830 30173 
32847 32848 32847 32767 32767 31672 30842 30140 
32846 32848 32849 32770 32769 31682 30881 30140 
32850 32849 32843 32769 32769 31685 30878 30139 
32848 32851 32849 32768 32769 31694 30889 30131 
32847 32848 32849 32771 32768 31719 30909 30145 
32849 32848 32848 32770 32771 31727 30908 30137 
32848 32851 32848 32769 32769 31728 30942 30158 
32849 32849 32850 32770 32768 31723 30929 30158 
32848 32848 32848 32769 32769 31734 30945 30177 
32848 32848 32848 32768 32768 31721 30942 30174 
32847 32849 32849 32768 32768 31737 30946 30178 
32848 32848 32848 32768 32760 31735 30953 30178 
32850 32848 32849 32768 32770 31739 30945 30179 
32847 32849 32848 32768 32769 31748 30957 30183 
32848 32847 32850 32769 32768 31739 30959 30177 
32847 32848 32847 32768 32769 31757 30969 30197 
32848 32848 32843 32767 32769 31753 30969 30190 
32846 32848 32849 32769 32768 31765 30982 30210 
32848 32849 32847 32767 32767 31773 30984 30212 
32848 32848 32849 32767 32767 31782 31011 30219 
32846 32848 32846 32769 32766 31791 31020 30261 
32844 32845 32847 32765 32766 31804 31031 30253 
32846 32844 32845 32766 32765 31806 31053 30280 
32845 32846 32845 32766 32767 31811 31048 30276 
32845 32845 32848 32766 32766 31821 31085 30304 
32845 32847 32848 32768 32768 31822 31081 30316 
32845 32847 32846 32770 32767 31845 31099 30325 
32847 32846 32850 32768 32768 31840 31116 30344 
32846 32848 32847 32769 32768 31852 31121 30358 
32848 32846 32848 32768 32768 31857 31139 30371 
32847 32848 32846 32769 32769 31852 31133 30382 
32845 32847 32848 32768 32767 31870 31147 30393 
32845 32845 32849 32768 32769 31862 31162 30402 
32847 32846 32847 32768 32767 31873 31172 30428 
32847 32849 32846 32768 32767 31878 31182 30429 
32844 32845 32849 32767 32765 31878 31191 30453 
32845 32847 32845 32767 32766 31886 31191 30456 
32845 32846 32845 32764 32767 31884 31209 30460 
32843 32845 32845 32766 32763 31881 31204 30479 
32844 32845 32846 32768 32767 31898 31216 30488 
32845 32844 32846 32764 32766 31893 31224 30496 
32844 32848 32847 32767 32766 31903 31230 30513 
32844 32845 32848 32769 32765 31899 31239 30512 
32847 32845 32846 32767 32768 31902 31245 30532 
32844 32848 32846 32766 32767 31890 31217 30508 
32843 32845 32847 32766 32764 31894 31239 30524 
32844 32843 32844 32765 32765 31887 31225 30527 
32842 32846 32844 32760 32765 31889 31228 30516 
32843 32844 32844 32765 32763 31878 31220 30524 
32843 32844 32844 32765 32766 31889 31218 30518 
32844 32844 32846 32766 32763 31889 31231 30522 
32845 32845 32846 32765 32764 31881 31218 30525 
32844 32846 32847 32767 32766 31894 31228 30527 
32845 32845 32845 32765 32765 31889 31237 30538 
32845 32846 32844 32765 32766 31899 31239 30547 
32849 32849 32851 32769 32768 31908 31264 30559 
32849 32849 32848 32771 32770 31906 31261 30572 
32849 32848 32848 32769 32772 31923 31275 30587 
32847 32849 32848 32769 32768 31923 31290 30595 
32847 32847 32847 32770 32768 31937 31302 30617 
32847 32847 32848 32769 32770 31936 31307 30626 
32846 32847 32846 32767 32768 31933 31312 30642 
32845 32847 32847 32768 32768 31938 31307 30642 
32847 32845 32847 32768 32770 31947 31326 30660 
32847 32848 32848 32769 32769 31941 31322 30671 
32846 32847 32849 32769 32768 31946 31322 30664 
32847 32847 32848 32769 32770 31938 31330 30672 
32848 32848 32846 32770 32770 31932 31313 30666 
32842 32845 32843 32768 32767 31929 31319 30663 
32846 32847 32847 32769 32766 31921 31310 30669 
32846 32846 32846 32767 32767 31925 31306 30664 
32845 32845 32845 32766 32767 31919 31313 30667 
32844 32843 32844 32767 32766 31927 31306 30662 
32843 32844 32844 32766 32765 31928 31317 30662 
32843 32843 32842 32766 32766 31921 31309 30666 
32843 32843 32844 32767 32766 31934 31322 30687 
32842 32844 32844 32767 32766 31926 31322 30685 
32843 32842 32843 32765 32766 31929 31325 30691 
32841 32842 32841 32764 32766 31927 31316 30689 
32841 32843 32843 32766 32763 31925 31329 30691 
32840 32840 32842 32765 32764 31927 31326 30696 
32842 32841 32840 32764 32765 31922 31319 30683 
32841 32839 32840 32761 32764 31922 31322 30694 
32840 32841 32836 32768 32764 31926 31317 30684 
32840 32841 32840 32765 32764 31930 31326 30692 
32840 32840 32839 32764 32765 31923 31315 30685 
32839 32841 32841 32762 32757 31927 31323 30685 
32839 32839 32842 32764 32760 31921 31319 30690 
32840 32841 32839 32762 32764 31924 31313 30683 
32840 32841 32839 32762 32762 31931 31327 30698 
32837 32838 32838 32762 32761 31927 31322 30687 
32838 32838 32838 32763 32763 31927 31326 30707 
32838 32839 32837 32760 32762 31919 31313 30695 
32836 32839 32840 32763 32762 31927 31316 30695 
32837 32837 32838 32763 32762 31925 31321 30701 
32838 32834 32838 32761 32761 31935 31329 30696 
32836 32836 32838 32756 32759 31924 31325 30705 
32835 32836 32837 32762 32760 31931 31327 30700 
32837 32837 32837 32762 32761 31930 31333 30709 
32836 32839 32838 32761 32759 31930 31331 30710 
32835 32838 32838 32762 32761 31937 31345 30719 
32838 32838 32837 32762 32761 31936 31340 30720 
32839 32839 32839 32762 32762 31939 31345 30725 
32839 32839 32839 32763 32761 31933 31334 30712 
32839 32838 32840 32762 32764 31954 31356 30725 
32840 32840 32839 32764 32764 31950 31356 30731 
32840 32840 32841 32762 32762 31955 31361 30739 
32839 32840 32841 32762 32761 31945 31354 30736 
32841 32840 32840 32763 32764 31953 31365 30747 
32839 32839 32838 32762 32763 31952 31373 30761 
32838 32842 32843 32761 32761 31958 31375 30759 
32838 32838 32841 32764 32763 31940 31355 30747 
32839 32839 32839 32762 32763 31947 31360 30749 
32839 32840 32841 32763 32760 31942 31369 30758 
32838 32839 32840 32762 32761 31945 31368 30767 
32838 32837 32838 32761 32761 31951 31363 30769 
32838 32838 32839 32760 32762 31943 31358 30754 
32837 32838 32839 32762 32758 31952 31373 30770 
32838 32835 32839 32760 32761 31949 31370 30767 
32837 32837 32841 32760 32760 31955 31379 30775 
32837 32836 32837 32760 32759 31948 31365 30770 
32836 32836 32837 32760 32761 31949 31374 30767 
32837 32837 32836 32761 32758 31959 31384 30782 
32836 32838 32838 32758 32761 31960 31381 30776 
32839 32838 32838 32760 32759 31955 31386 30784 
32838 32837 32839 32760 32759 31950 31371 30773 
32836 32829 32837 32760 32761 31954 31387 30784 
32837 32829 32836 32762 32760 31944 31378 30787 
32837 32838 32838 32762 32762 31962 31386 30786 
32838 32838 32839 32761 32761 31947 31381 30786 
32837 32838 32840 32762 32762 31954 31378 30781 
32838 32838 32838 32762 32761 31949 31383 30785 
32838 32839 32839 32763 32761 31949 31378 30785 
32838 32839 32838 32762 32761 31957 31381 30789 
32839 32839 32838 32761 32763 31948 31369 30764 
32839 32838 32839 32762 32762 31964 31413 30789 
32840 32841 32839 32763 32763 31954 31399 30788 
32840 32840 32840 32764 32765 31958 31407 30799 
32841 32841 32841 32763 32763 31956 31395 30801 
32840 32841 32844 32763 32763 31953 31399 30798 
32842 32841 32840 32770 32766 31959 31399 30809 
32840 32843 32841 32764 32763 31957 31390 30795 
32839 32839 32842 32766 32763 31962 31396 30805 
32841 32841 32841 32765 32766 31954 31387 30794 
32842 32842 32840 32764 32763 31952 31392 30789 
32840 32840 32841 32764 32763 31949 31398 30795 
32839 32839 32838 32765 32765 31956 31391 30793 
32841 32841 32842 32764 32764 31952 31394 30795 
32839 32844 32842 32765 32762 31950 31380 30789 
32841 32841 32841 32766 32765 31954 31392 30794 
32843 32841 32842 32766 32766 31950 31382 30792 
32843 32845 32843 32766 32767 31966 31389 30795 
32843 32844 32846 32768 32777 31956 31392 30795 
32846 32845 32844 32769 32769 31961 31385 30788 
32845 32846 32846 32768 32771 31965 31413 30798 
32846 32846 32847 32771 32769 31965 31407 30803 
32847 32845 32845 32768 32770 31966 31401 30805 
32844 32847 32848 32770 32771 31962 31401 30796 
32845 32844 32846 32768 32767 31962 31402 30808 
32843 32844 32845 32769 32769 31957 31389 30795 
32845 32844 32845 32768 32768 31960 31395 30802 
32843 32846 32844 32768 32768 31958 31373 30789 
32843 32845 32846 32769 32767 31979 31398 30787 
32843 32843 32843 32769 32768 31968 31397 30815 
32844 32844 32842 32766 32768 31971 31393 30804 
32843 32843 32845 32768 32767 31966 31403 30813 
32843 32841 32843 32771 32768 31966 31393 30803 
32844 32843 32844 32769 32767 31968 31405 30805 
32843 32842 32843 32766 32766 31955 31390 30805 
32841 32843 32842 32767 32766 31966 31395 30805 
32839 32841 32841 32765 32764 31957 31393 30801 
32840 32840 32840 32770 32766 31960 31384 30799 
32839 32841 32841 32767 32765 31977 31397 30797 
32841 32840 32840 44659 44661 38556 35715 33401 
44669 44670 44666 44641 44639 40291 37344 34659 
44658 44657 44658 44634 44634 41433 38681 35869 
44658 44656 44658 44634 44635 42144 39681 36916 
44659 44662 44661 44640 44639 42581 40420 37801 
44665 44668 44668 44644 44641 42795 40911 38517 
44672 44675 44675 44650 44653 42912 41233 39066 
44682 44682 44684 44661 44662 42935 41422 39478 
44689 44690 44691 44672 44671 42921 41502 39766 
44697 44698 44699 44680 44688 42907 41542 39969 
44707 44708 44708 44689 44689 42849 41511 40087 
44712 44714 44714 44696 44698 42807 41459 40145 
44721 44721 44721 44703 44702 42754 41399 40151 
44725 44726 44727 44708 44709 42723 41333 40137 
44730 44731 44731 44714 44713 42700 41272 40120 
44734 44734 44735 44717 44721 42674 41190 40057 
44736 44737 44737 44722 44722 42676 41154 40009 
44737 44739 44743 44725 44724 42671 41127 39949 
44741 44741 44739 44728 44727 42717 41132 39928 
44743 44743 44742 44729 44732 42711 41113 39882 
44742 44744 44745 44730 44730 42713 41118 39854 
44745 44745 44744 44734 44731 42715 41097 39826 
44745 44744 44744 44729 44726 42711 41096 39796 
44743 44744 44742 44724 44729 42718 41089 39772 
44743 44743 44745 44734 44732 42758 41136 39771 
44745 44744 44743 44732 44734 42772 41161 39783 
44745 44746 44744 44733 44731 42792 41159 39772 
44743 44739 44745 44732 44732 42822 41212 39792 
44742 44744 44743 44733 44732 42829 41219 39791 
44745 44745 44744 44731 44733 42859 41247 39813 
44744 44745 44745 44731 44730 42866 41267 39822 
44745 44745 44745 44732 44731 42884 41283 39825 
44745 44744 44745 44730 44732 42909 41312 39841 
44745 44745 44746 44730 44729 42923 41343 39869 
44745 44744 44744 44732 44732 42942 41368 39902 
44744 44744 44744 44730 44731 42959 41394 39913 
44744 44743 44744 44730 44729 43001 41447 39967 
44743 44744 44745 44731 44731 43010 41462 39979 
44744 44743 44745 44731 44733 43034 41512 40027 
44745 44745 44744 44730 44730 43044 41529 40058 
44740 44746 44745 44731 44730 43065 41560 40085 
44744 44744 44744 44725 44730 43075 41591 40150 
44746 44744 44744 44731 44733 43097 41617 40167 
44744 44746 44744 44730 44729 43111 41653 40201 
44743 44743 44745 44732 44730 43123 41665 40229 
44745 44745 44745 44731 44731 43144 41704 40254 
44744 44745 44745 44730 44730 43151 41724 40282 
44743 44743 44743 44730 44730 43173 41757 40316 
44743 44743 44744 44731 44730 43180 41779 40346 
44744 44745 44743 44730 44725 43187 41796 40376 
44744 44744 44744 44731 44730 43206 41825 40404 
44745 44744 44745 44732 44733 43211 41848 40433 
44745 44745 44744 44732 44733 43226 41873 40472 
44745 44746 44747 44731 44740 43254 41907 40505 
44745 44745 44747 44733 44733 43261 41928 40544 
44746 44745 44745 44733 44733 43268 41944 40562 
44746 44745 44746 44733 44731 43274 41971 40597 
44746 44745 44744 44733 44731 43284 41991 40630 
44746 44746 44745 44732 44733 43278 42005 40649 
44747 44745 44745 44732 44733 43283 42022 40682 
44746 44746 44750 44734 44733 43299 42034 40699 
44746 44746 44744 44733 44734 43304 42057 40730 
44746 44748 44746 44734 44734 43308 42058 40754 
44746 44746 44747 44735 44734 43327 42082 40774 
44746 44740 44745 44732 44733 43335 42097 40797 
44748 44747 44746 44735 44734 43354 42119 40821 
44747 44748 44747 44735 44733 43350 42136 40842 
44748 44747 44746 44737 44738 43375 42158 40880 
44747 44748 44747 44733 44735 43380 42176 40894 
44747 44748 44747 44736 44735 43367 42186 40915 
44748 44747 44747 44736 44735 43378 42191 40930 
44748 44749 44748 44734 44734 43382 42217 40955 
44746 44746 44747 44734 44740 43397 42227 40984 
44747 44746 44745 44732 44733 43399 42233 40994 
44751 44747 44746 44734 44734 43392 42242 41013 
44747 44748 44748 44733 44732 43395 42248 41031 
44746 44747 44745 44735 44733 43395 42257 41049 
44748 44745 44747 44733 44738 43403 42267 41064 
44745 44746 44743 44732 44732 43411 42275 41076 
44747 44746 44748 44735 44733 43403 42275 41076 
44747 44747 44745 44733 44733 43417 42292 41099 
44746 44748 44745 44734 44734 43415 42293 41106 
44747 44746 44747 44734 44742 43430 42316 41129 
44747 44747 44743 44734 44734 43416 42306 41140 
44744 44747 44745 44732 44732 43419 42312 41144 
44745 44746 44747 44734 44734 43415 42313 41162 
44746 44746 44746 44734 44733 43422 42309 41156 
44746 44747 44746 44732 44733 43468 42362 41192 
44747 44746 44745 44733 44734 43450 42353 41200 
44746 44745 44747 44735 44734 43451 42362 41213 
44748 44747 44747 44734 44734 43438 42357 41219 
44746 44744 44746 44732 44734 43448 42359 41226 
44747 44747 44748 44735 44733 43453 42375 41239 
44746 44746 44746 44735 44734 43449 42368 41247 
44749 44745 44747 44734 44735 43457 42382 41263 
44748 44745 44747 44734 44734 43450 42383 41259 
44750 44748 44748 44736 44735 43451 42383 41275 
44749 44748 44746 44734 44734 43440 42358 41254 
44748 44754 44748 44735 44734 43481 42381 41276 
44747 44748 44748 44736 44736 43478 42385 41278 
44750 44747 44748 44736 44737 43471 42399 41284 
44749 44748 44748 44736 44736 43464 42398 41304 
44748 44752 44750 44735 44735 43458 42395 41297 
44749 44749 44750 44735 44737 43452 42394 41307 
44750 44750 44748 44737 44740 43457 42389 41292 
44749 44749 44749 44737 44735 43462 42414 41330 
44750 44750 44749 44737 44737 43454 42402 41331 
44750 44750 44747 44736 44736 43463 42411 41330 
44749 44749 44750 44737 44743 43450 42404 41326 
44749 44749 44748 44737 44736 43456 42404 41325 
44747 44749 44748 44736 44735 43450 42406 41323 
44748 44748 44749 44735 44735 43450 42399 41321 
44749 44749 44748 44735 44744 43486 42426 41340 
44749 44748 44750 44734 44735 43467 42426 41341 
44749 44748 44747 44737 44736 43470 42428 41355 
44751 44748 44748 44734 44737 43462 42419 41347 
44749 44748 44745 44734 44736 43463 42422 41358 
44748 44749 44749 44736 44735 43460 42413 41350 
44748 44747 44747 44734 44737 43456 42418 41345 
44749 44748 44748 44734 44734 43455 42420 41360 
44747 44747 44748 44732 44735 43464 42426 41359 
44748 44747 44747 44735 44732 43486 42463 41394 
44749 44747 44746 44732 44735 43477 42447 41383 
44744 44747 44747 44732 44733 43486 42470 41401 
44746 44747 44748 44735 44733 43471 42460 41412 
44748 44748 44748 44734 44736 43497 42478 41424 
44748 44751 44749 44735 44733 43477 42477 41426 
44747 44748 44750 44735 44733 43488 42478 41429 
44749 44749 44748 44735 44735 43493 42492 41438 
44748 44749 44748 44729 44732 43487 42486 41440 
44747 44747 44748 44735 44733 43490 42489 41451 
44747 44748 44749 44736 44736 43482 42466 41440 
44750 44748 44745 44733 44733 43486 42467 41441 
44745 44747 44747 44733 44731 43476 42463 41432 
44745 44745 44750 44732 44732 43479 42464 41434 
44746 44744 44745 44732 44733 43471 42456 41426 
44745 44745 44745 44732 44733 43472 42461 41422 
44744 44745 44746 44731 44730 43464 42451 41410 
44744 44744 44744 44731 44733 43475 42458 41431 
44745 44744 44744 44730 44730 43466 42452 41422 
44743 44743 44744 44730 44730 43471 42453 41420 
44744 44743 44744 44729 44732 43469 42460 41410 
44744 44743 44741 44730 44731 43471 42465 41417 
44744 44746 44744 44732 44732 43474 42467 41421 
44744 44745 44746 44732 44731 43475 42469 41421 
44744 44744 44744 44733 44732 43476 42473 41427 
44746 44745 44745 44731 44730 43477 42474 41426 
44744 44746 44746 44732 44729 43481 42485 41438 
44745 44744 44744 44732 44731 43480 42474 41435 
44746 44744 44745 44732 44734 43486 42485 41440 
44745 44746 44745 44733 44731 43478 42478 41444 
44747 44746 44746 44739 44733 43487 42477 41441 
44746 44746 44745 44733 44734 43481 42483 41447 
44748 44747 44748 44734 44734 43485 42474 41441 
44748 44750 44749 44736 44737 43485 42487 41450 
44750 44750 44750 44736 44736 43479 42474 41426 
44751 44751 44749 44736 44738 43491 42484 41443 
44749 44750 44750 44737 44736 43485 42481 41441 
44751 44751 44750 44737 44739 43492 42489 41448 
44751 44751 44750 44737 44739 43486 42485 41449 
44751 44751 44752 44739 44740 43490 42487 41448 
44750 44752 44752 44738 44738 43494 42489 41457 
44752 44753 44751 44738 44737 43490 42489 41451 
44752 44751 44750 44739 44742 43503 42503 41465 
44751 44751 44751 44738 44738 43495 42501 41462 
44751 44753 44750 44737 44737 43500 42506 41473 
44752 44750 44751 44736 44738 43494 42494 41462 
44749 44750 44751 44739 44739 43494 42497 41465 
44751 44751 44745 44738 44735 43486 42490 41463 
44750 44751 44751 44737 44738 43490 42489 41459 
44752 44751 44750 44738 44739 43490 42492 41470 
44750 44751 44751 44736 44737 43487 42484 41455 
44750 44751 44750 44736 44736 43490 42492 41466 
44751 44750 44749 44737 44737 43485 42484 41458 
44751 44750 44749 44737 44737 43497 42493 41466 
44749 44749 44751 44737 44736 43488 42486 41465 
44749 44751 44752 44739 44738 43495 42488 41461 
44754 44752 44750 44738 44739 43485 42482 41459 
44751 44753 44751 44739 44739 43486 42477 41448 
44752 44751 44754 44740 44739 43492 42482 41455 
44755 44753 44751 44739 44742 43490 42491 41459 
44753 44754 44753 44739 44739 43502 42502 41468 
44752 44752 44753 44739 44738 43484 42482 41458 
44752 44753 44751 44741 44741 43493 42485 41458 
44755 44752 44753 44739 44745 43490 42476 41446 
44753 44753 44754 44741 44741 43483 42476 41435 
44754 44753 44753 44743 44741 43487 42486 41453 
44754 44755 44753 44740 44741 43489 42486 41452 
44754 44754 44754 44739 44743 43516 42506 41469 
44754 44754 44754 44740 44740 43495 42486 41450 
44755 44753 44753 44741 44741 43494 42490 41458 
44755 44755 44756 44741 44741 43488 42478 41446 
44754 44754 44754 44742 44741 43487 42481 41451 
44756 44754 44754 44742 44741 43509 42487 41455 
44754 44755 44755 44742 44741 43488 42481 41447 
44753 44755 44754 44741 44739 43483 42481 41452 
44754 44752 44753 44740 44740 43477 42466 41435 
44753 44753 44752 44740 44741 43477 42465 41436 
44752 44753 44752 44739 44740 43479 42464 41435 
44752 44753 44754 44740 44739 43477 42464 41427 
44753 44753 44752 44739 44740 43472 42459 41425 
44753 44751 44754 44739 44740 43474 42452 41421 
44751 44753 44754 44739 44738 43470 42449 41408 
44753 44753 44753 44740 44740 43475 42449 41414 
44754 44753 44752 44739 44739 43469 42448 41407 
44752 44753 44753 44739 44739 43470 42454 41420 
44753 44752 44752 44738 44739 43471 42445 41408 
44752 44752 44750 44738 44738 43477 42461 41414 
44753 44751 44752 44736 44738 43469 42452 41412 
44750 44751 44750 44737 44738 43478 42462 41436 
44752 44751 44750 44739 44737 43465 42427 41427 
44751 44751 44751 44736 44738 43477 42430 41411 
44751 44750 44750 44737 44736 43475 42443 41412 
44751 44750 44752 44738 44736 43472 42440 41410 
44749 44750 44749 44737 44737 43480 42448 41411 
44750 44748 44750 44737 44736 43468 42441 41401 
44748 44749 44749 44735 44737 43462 42432 41391 
44749 44751 44749 44736 44735 43498 42446 41393 
44750 44748 44750 44735 44734 43491 42451 41407 
44747 44749 44750 44733 44736 43485 42451 41407 
44748 44748 44748 44734 44734 43482 42458 41407 
44749 44749 44747 44734 44732 43478 42458 41415 
44746 44746 44747 44733 44733 43472 42454 41405 
44744 44746 44745 44731 44732 43474 42465 41411 
44745 44746 44746 44733 44733 43471 42447 41407 
44746 44746 44746 44732 44733 43471 42458 41410 
44747 44747 44745 44732 44733 43477 42458 41416 
44745 44747 44747 44732 44731 43480 42459 41413 
44745 44745 44746 44733 44732 43469 42458 41421 
44745 44745 44745 44733 44732 43469 42444 41406 
44743 44746 44746 44730 44731 43462 42457 41412 
44744 44743 44745 44732 44732 43458 42440 41404 
44746 44745 44745 44730 44732 43471 42455 41409 
44743 44744 44744 44730 44730 43462 42450 41405 
44742 44742 44745 44730 44729 43470 42451 41406 
44744 44742 44744 44735 44731 43461 42456 41406 
44743 44744 44744 44729 44730 43464 42449 41409 
44744 44744 44745 44730 44730 43470 42450 41411 
44743 44743 44743 44729 44730 43461 42448 41403 
44744 44744 44744 44729 44730 43462 42439 41405 
44743 44744 44743 44727 44731 43470 42444 41399 
44742 44742 44743 44731 44730 43475 42449 41412 
44744 44744 44743 44730 44733 43476 42442 41405 
44744 44745 44744 44732 44731 43475 42457 41407 
44746 44744 44746 44733 44732 43469 42449 41415 
44746 44746 44744 44733 44733 43471 42448 41406 
44747 44746 44746 44733 44733 43467 42463 41418 
44745 44747 44746 44733 44734 43472 42448 41405 
44745 44745 44746 44733 44732 43479 42476 41453 
44747 44746 44746 44733 44733 43466 42452 41437 
44745 44747 44745 32879 32893 36926 38162 38848 
32923 32923 32923 32943 32944 35204 36541 37580 
32924 32923 32922 32938 32938 34070 35227 36397 
32923 32922 32922 32921 32919 33336 34222 35349 
32920 32920 32920 32904 32900 32897 33470 34461 
32916 32918 32915 32884 32883 32664 32970 33746 
32912 32911 32909 32869 32867 32536 32640 33183 
32905 32905 32901 32853 32852 32498 32449 32776 
32898 32898 32895 32841 32841 32503 32351 32470 
32889 32890 32888 32831 32828 32546 32328 32279 
32883 32883 32882 32821 32819 32590 32341 32151 
32877 32878 32881 32812 32811 32633 32391 32083 
32871 32872 32870 32809 32801 32676 32448 32077 
32866 32867 32866 32796 32795 32706 32506 32073 
32864 32861 32862 32792 32790 32726 32565 32110 
32859 32859 32858 32785 32785 32742 32602 32136 
32855 32857 32856 32781 32782 32750 32658 32184 
32854 32854 32853 32779 32780 32745 32677 32231 
32852 32854 32852 32775 32776 32752 32707 32267 
32850 32852 32853 32773 32768 32753 32734 32312 
32850 32851 32850 32779 32773 32753 32742 32348 
32850 32849 32850 32772 32773 32740 32761 32380 
32849 32850 32849 32771 32771 32726 32757 32419 
32850 32849 32850 32772 32772 32711 32743 32422 
32848 32850 32849 32773 32773 32686 32736 32433 
32849 32851 32848 32772 32773 32663 32706 32432 
32850 32851 32852 32774 32772 32648 32694 32431 
32852 32850 32850 32773 32774 32620 32662 32431 
32851 32852 32852 32775 32773 32615 32647 32417 
32851 32851 32854 32775 32776 32591 32633 32415 
32853 32853 32852 32777 32775 32568 32593 32397 
32854 32852 32854 32774 32777 32560 32585 32385 
32851 32851 32852 32775 32774 32529 32547 32363 
32852 32852 32852 32776 32776 32524 32529 32345 
32851 32851 32852 32774 32777 32493 32498 32323 
32851 32852 32852 32776 32776 32476 32460 32286 
32851 32853 32851 32776 32775 32460 32434 32264 
32852 32851 32851 32776 32775 32441 32406 32234 
32851 32853 32852 32775 32774 32421 32373 32209 
32851 32856 32852 32774 32774 32393 32334 32166 
32852 32851 32854 32775 32776 32382 32309 32150 
32850 32850 32851 32773 32775 32364 32271 32101 
32849 32850 32850 32774 32773 32352 32258 32079 
32852 32849 32849 32773 32773 32328 32218 32049 
32849 32851 32849 32772 32774 32313 32193 32011 
32848 32848 32849 32774 32771 32293 32160 31988 
32847 32848 32849 32771 32773 32285 32129 31941 
32848 32848 32847 32770 32771 32269 32113 31918 
32847 32845 32844 32769 32769 32251 32067 31861 
32845 32848 32848 32771 32770 32249 32061 31841 
32848 32846 32846 32771 32770 32226 32026 31812 
32847 32848 32845 32769 32772 32229 32015 31785 
32848 32849 32848 32771 32769 32200 31985 31755 
32848 32847 32848 32771 32771 32195 31963 31732 
32847 32846 32845 32769 32771 32189 31944 31699 
32847 32847 32849 32769 32770 32172 31923 31670 
32846 32847 32846 32770 32770 32163 31890 31644 
32847 32847 32845 32770 32770 32147 31862 31601 
32846 32847 32847 32769 32769 32149 31845 31580 
32845 32847 32846 32771 32770 32141 31825 31541 
32846 32846 32848 32770 32770 32132 31821 31523 
32846 32847 32843 32768 32770 32119 31791 31497 
32845 32846 32846 32770 32769 32114 31775 31464 
32845 32846 32845 32769 32769 32105 31761 31452 
32844 32847 32846 32769 32769 32098 31736 31411 
32845 32845 32847 32768 32769 32095 31757 31410 
32844 32846 32847 32770 32769 32066 31718 31380 
32844 32845 32845 32768 32769 32068 31708 31356 
32845 32845 32846 32768 32768 32057 31684 31335 
32845 32845 32845 32769 32768 32064 31670 31303 
32844 32843 32844 32767 32767 32054 31660 31281 
32843 32845 32846 32769 32769 32047 31632 31236 
32843 32843 32843 32767 32767 32052 31631 31226 
32842 32844 32844 32766 32765 32039 31622 31210 
32842 32842 32843 32766 32766 32042 31613 31200 
32841 32843 32844 32766 32766 32032 31601 31173 
32844 32845 32843 32767 32765 32034 31597 31168 
32842 32842 32843 32766 32767 32038 31590 31146 
32844 32843 32845 32769 32769 32039 31595 31137 
32845 32845 32846 32769 32768 32032 31583 31141 
32845 32848 32847 32770 32772 32032 31576 31118 
32845 32845 32846 32773 32769 32039 31582 31129 
32847 32848 32845 32771 32772 32034 31566 31103 
32847 32847 32848 32770 32769 32030 31571 31104 
32847 32847 32848 32771 32771 32020 31551 31094 
32844 32847 32847 32766 32771 32024 31546 31080 
32847 32846 32848 32769 32771 32019 31536 31066 
32846 32846 32847 32772 32769 32013 31526 31052 
32847 32844 32846 32772 32771 32009 31515 31024 
32846 32846 32845 32770 32771 32002 31505 31011 
32843 32847 32846 32770 32768 32004 31493 30990 
32845 32844 32843 32765 32767 31999 31505 30994 
32845 32845 32843 32766 32767 31989 31489 31014 
32844 32844 32844 32767 32768 31992 31483 30989 
32843 32844 32843 32769 32767 31981 31468 30978 
32844 32846 32842 32768 32768 31978 31456 30953 
32843 32845 32846 32768 32768 31985 31470 30950 
32842 32841 32842 32768 32767 31984 31456 30939 
32843 32844 32843 32767 32774 32007 31474 30945 
32841 32843 32842 32767 32765 31993 31467 30925 
32843 32843 32843 32767 32767 32000 31469 30938 
32841 32843 32844 32766 32766 31984 31461 30923 
32843 32843 32841 32767 32767 31989 31460 30930 
32842 32841 32843 32768 32768 31995 31463 30909 
32842 32843 32844 32767 32776 32015 31501 30920 
32843 32843 32844 32767 32767 32003 31486 30932 
32843 32844 32842 32766 32766 31993 31477 30919 
32842 32843 32844 32768 32766 31991 31471 30926 
32841 32842 32844 32766 32768 31996 31469 30932 
32843 32844 32843 32769 32766 31975 31466 30922 
32843 32843 32844 32768 32767 31965 31443 30912 
32842 32845 32844 32768 32768 31978 31445 30902 
32844 32843 32845 32768 32768 31971 31442 30896 
32843 32844 32845 32767 32762 31970 31427 30880 
32843 32844 32842 32768 32767 31970 31431 30877 
32843 32842 32844 32767 32768 31967 31419 30872 
32842 32845 32844 32767 32767 31977 31429 30870 
32844 32843 32845 32767 32767 31969 31425 30863 
32843 32846 32833 32766 32768 31970 31425 30864 
32842 32843 32845 32768 32768 31957 31408 30835 
32843 32843 32844 32767 32768 31952 31398 30839 
32843 32845 32845 32768 32768 31959 31398 30828 
32842 32843 32842 32767 32764 31946 31387 30812 
32844 32842 32844 32766 32765 31946 31395 30821 
32842 32842 32843 32765 32767 31924 31375 30798 
32842 32842 32842 32766 32765 31933 31379 30804 
32841 32842 32844 32767 32763 31905 31341 30775 
32837 32842 32843 32766 32767 31920 31343 30763 
32842 32844 32844 32765 32767 31930 31344 30764 
32842 32843 32844 32767 32766 31940 31351 30757 
32842 32843 32843 32768 32767 31939 31374 30777 
32841 32846 32844 32767 32767 31919 31360 30767 
32844 32846 32848 32769 32770 31931 31375 30773 
32847 32845 32847 32772 32771 31931 31364 30777 
32846 32845 32846 32769 32782 31960 31380 30784 
32845 32847 32845 32768 32769 31954 31385 30786 
32847 32846 32847 32770 32769 31964 31393 30797 
32844 32844 32844 32769 32771 31961 31395 30798 
32845 32845 32846 32770 32768 31965 31396 30803 
32844 32843 32846 32769 32769 31966 31391 30802 
32844 32845 32843 32768 32770 31961 31395 30795 
32844 32844 32845 32768 32768 31963 31396 30805 
32843 32845 32844 32768 32769 31958 31389 30794 
32845 32844 32845 32770 32769 31959 31395 30802 
32846 32846 32845 32770 32769 31951 31379 30787 
32844 32844 32846 32768 32768 31950 31383 30786 
32844 32845 32845 32769 32768 31946 31377 30789 
32843 32845 32843 32771 32767 31955 31375 30778 
32842 32842 32843 32766 32767 31952 31377 30785 
32843 32842 32841 32767 32767 31947 31367 30773 
32844 32844 32843 32768 32767 31945 31372 30792 
32842 32843 32843 32766 32767 31935 31343 30777 
32843 32843 32843 32768 32768 31946 31347 30774 
32843 32843 32843 32767 32766 31947 31356 30767 
32843 32842 32841 32766 32765 31944 31358 30766 
32842 32842 32841 32764 32764 31949 31363 30773 
32841 32840 32841 32765 32765 31941 31348 30774 
32840 32841 32840 32765 32765 31943 31344 30757 
32839 32841 32841 32763 32765 31949 31358 30760 
32839 32841 32840 32765 32757 31937 31349 30753 
32844 32840 32841 32763 32764 31946 31356 30759 
32837 32840 32839 32762 32763 31940 31356 30759 
32839 32839 32839 32762 32761 31944 31356 30753 
32838 32838 32838 32762 32760 31936 31355 30754 
32838 32837 32837 32762 32763 31934 31351 30748 
32837 32837 32838 32760 32759 31927 31346 30751 
32836 32838 32839 32762 32762 31928 31339 30737 
32838 32838 32840 32763 32763 31939 31350 30746 
32839 32840 32841 32762 32763 31929 31346 30743 
32840 32840 32840 32761 32762 31931 31346 30747 
32841 32839 32840 32764 32764 31933 31347 30762 
32839 32841 32841 32765 32764 31940 31353 30751 
32839 32840 32838 32763 32763 31937 31355 30754 
32839 32839 32839 32762 32764 31939 31353 30750 
32838 32838 32838 32762 32763 31945 31364 30763 
32838 32834 32840 32763 32763 31938 31350 30753 
32837 32839 32839 32762 32763 31949 31365 30763 
32839 32839 32839 32761 32761 31941 31360 30757 
32838 32837 32839 32763 32762 31951 31379 30775 
32838 32837 32838 32762 32762 31940 31349 30767 
32839 32839 32839 32761 32762 31946 31356 30760 
32838 32836 32838 32764 32761 31942 31361 30766 
32838 32837 32838 32762 32762 31942 31358 30756 
32838 32840 32837 32761 32761 31942 31355 30756 
32842 32837 32839 32762 32760 31940 31361 30753 
32838 32838 32837 32761 32761 31956 31385 30777 
32837 32838 32838 32761 32759 31949 31377 30766 
32833 32836 32838 32761 32762 31957 31399 30775 
32837 32837 32837 32762 32762 31945 31385 30777 
32838 32838 32837 32761 32763 31951 31382 30777 
32837 32837 32837 32761 32761 31954 31395 30792 
32837 32834 32837 32760 32759 31953 31388 30793 
32836 32838 32836 32761 32762 31959 31394 30795 
32838 32837 32837 32763 32760 31949 31380 30785 
32843 32840 32839 32761 32762 31958 31394 30803 
32838 32838 32836 32762 32760 31949 31385 30799 
32839 32838 32838 32761 32761 31956 31389 30800 
32836 32838 32835 32762 32761 31956 31387 30793 
32838 32839 32837 32761 32761 31961 31390 30799 
32837 32838 32837 32761 32760 31965 31401 30813 
32837 32839 32837 32763 32761 31961 31389 30801 
32837 32835 32837 32762 32763 31968 31402 30813 
32838 32839 32838 32761 32761 31957 31393 30807 
32838 32839 32839 32763 32761 31961 31400 30808 
32838 32839 32839 32761 32763 31956 31396 30809 
32838 32838 32838 32762 32763 31960 31395 30805 
32839 32838 32839 32760 32762 31959 31398 30814 
32837 32840 32841 32764 32764 31960 31393 30800 
32839 32839 32840 32765 32763 31962 31400 30810 
32839 32840 32840 32763 32763 31950 31386 30800 
32839 32841 32839 32764 32763 31962 31393 30808 
32839 32840 32840 32764 32763 31960 31389 30800 
32841 32840 32839 32765 32763 31971 31403 30812 
32841 32840 32841 32763 32764 31965 31401 30812 
32840 32842 32842 32764 32764 31967 31401 30812 
32839 32842 32841 32764 32764 31971 31404 30818 
32840 32841 32842 32765 32765 31966 31405 30811 
32840 32840 32842 32764 32764 31967 31411 30824 
32841 32840 32832 32764 32765 31963 31404 30818 
32841 32841 32841 32766 32765 31964 31404 30820 
32843 32842 32844 32766 32765 31965 31400 30814 
32842 32843 32843 32765 32765 31962 31400 30809 
32842 32840 32841 32764 32763 31964 31400 30815 
32842 32841 32842 32766 32767 31963 31397 30812 
32837 32842 32842 32765 32766 31961 31398 30813 
32844 32842 32845 32766 32767 31965 31404 30820 
32843 32845 32843 32768 32768 31961 31400 30810 
32843 32844 32844 32767 32768 31962 31401 30818 
32844 32845 32843 32767 32768 31964 31394 30811 
32843 32844 32843 32767 32767 31969 31406 30813 
32845 32843 32843 32769 32769 31969 31409 30821 
32844 32845 32845 32769 32763 31936 31386 30803 
32843 32844 32845 32768 32767 31948 31393 30815 
32844 32844 32845 32770 32768 31953 31389 30805 
32846 32840 32843 32768 32768 31963 31405 30814 
32844 32844 32844 32769 32767 31956 31395 30811 
32844 32843 32845 32768 32767 31966 31403 30813 
32844 32844 32844 32767 32768 31960 31397 30814 
32844 32845 32844 32766 32767 31969 31386 30803 
32844 32843 32845 32768 32767 31974 31399 30809 
32844 32842 32843 32768 32768 31971 31397 30807 
32844 32842 32843 32767 32768 31976 31401 30812 
32842 32842 32844 32765 32766 31969 31407 30811 
32841 32841 32841 32768 32767 31972 31411 30818 
32841 32842 32841 32765 32765 31959 31401 30810 
32842 32843 32842 32765 32764 31964 31406 30821 
32841 32840 32842 32765 32764 31957 31397 30818 
32841 32841 32840 32764 32764 31963 31408 30829 
32840 32840 32839 32763 32762 31957 31392 30797 
32838 32839 32838 32763 32764 31959 31396 30789 
32838 32839 32838 44645 44658 38545 35720 33402 
44668 44668 44659 44639 44637 40281 37348 34670 
44656 44657 44658 44636 44632 41423 38684 35870 
44657 44655 44656 44632 44632 42137 39679 36920 
44658 44661 44660 44637 44639 42578 40422 37806 
44665 44668 44668 44644 44639 42817 40923 38526 
44674 44675 44677 44652 44654 42936 41253 39078 
44683 44684 44685 44663 44664 42951 41448 39499 
44693 44692 44694 44672 44673 42932 41516 39782 
44698 44701 44703 44681 44681 42900 41548 39990 
44708 44709 44710 44691 44691 42838 41500 40037 
44716 44716 44717 44695 44698 42805 41468 40117 
44721 44722 44723 44702 44704 42757 41404 40134 
44726 44727 44728 44709 44710 42731 41346 40133 
44731 44731 44731 44714 44715 42668 41255 40083 
44733 44735 44735 44718 44719 42664 41211 40038 
44736 44737 44739 44722 44722 42661 41164 40004 
44738 44739 44739 44723 44725 42659 41132 39949 
44741 44741 44742 44725 44728 42673 41115 39919 
44741 44742 44740 44724 44728 42679 41097 39871 
44742 44744 44744 44730 44730 42694 41102 39844 
44744 44744 44745 44730 44730 42696 41093 39821 
44743 44744 44743 44731 44730 42718 41101 39798 
44742 44742 44742 44729 44730 42729 41110 39797 
44742 44743 44743 44729 44731 42761 41126 39780 
44743 44743 44743 44734 44729 42781 41161 39790 
44743 44744 44744 44732 44731 42794 41168 39787 
44743 44744 44744 44731 44729 42824 41203 39803 
44742 44744 44744 44729 44730 42833 41206 39792 
44744 44744 44742 44731 44732 42861 41261 39815 
44744 44743 44744 44731 44731 42868 41278 39824 
44744 44744 44745 44731 44730 42890 41298 39848 
44744 44745 44744 44731 44731 42910 41325 39878 
44744 44744 44743 44729 44731 42923 41346 39885 
44741 44745 44745 44731 44730 42944 41377 39921 
44743 44743 44742 44731 44731 42962 41406 39948 
44744 44744 44742 44730 44730 42980 41443 39976 
44743 44745 44743 44731 44729 43017 41470 40035 
44744 44744 44744 44731 44729 43018 41482 40045 
44744 44745 44743 44730 44731 43049 41523 40080 
44744 44746 44743 44726 44730 43064 41553 40105 
44744 44746 44747 44732 44730 43080 41584 40132 
44745 44744 44743 44730 44730 43105 41622 40172 
44746 44744 44745 44730 44731 43108 41647 40196 
44744 44744 44744 44722 44729 43125 41674 40234 
44744 44745 44745 44731 44731 43140 41696 40254 
44745 44746 44743 44730 44731 43161 41734 40290 
44746 44745 44745 44731 44730 43174 41759 40325 
44744 44744 44744 44731 44730 43186 41803 40361 
44745 44746 44745 44732 44731 43175 41811 40399 
44745 44745 44746 44731 44731 43191 41822 40413 
44744 44746 44746 44732 44731 43205 41856 40451 
44747 44746 44746 44733 44732 43220 41866 40477 
44746 44745 44746 44732 44733 43239 41896 40490 
44746 44745 44748 44733 44731 43244 41913 40522 
44747 44745 44747 44732 44733 43268 41942 40555 
44747 44746 44747 44732 44733 43268 41967 40596 
44748 44747 44748 44734 44733 43272 41950 40602 
44748 44747 44746 44732 44733 43314 41993 40643 
44747 44746 44747 44734 44734 43317 42019 40671 
44747 44746 44747 44733 44732 43339 42055 40707 
44747 44747 44748 44733 44731 43332 42072 40737 
44747 44746 44748 44734 44734 43343 42091 40773 
44747 44748 44748 44733 44733 43343 42101 40790 
44746 44750 44748 44732 44732 43351 42126 40819 
44747 44745 44746 44733 44732 43351 42138 40850 
44746 44746 44747 44733 44732 43353 42147 40862 
44746 44745 44746 44734 44733 43360 42168 40900 
44747 44745 44745 44734 44736 43359 42165 40899 
44747 44747 44747 44733 44733 43363 42187 40928 
44748 44748 44747 44733 44735 43369 42191 40945 
44747 44747 44748 44734 44734 43378 42210 40967 
44748 44746 44746 44733 44733 43376 42214 40987 
44746 44744 44745 44734 44733 43388 42226 40997 
44747 44746 44748 44734 44734 43382 42235 41016 
44747 44748 44747 44734 44732 43393 42239 41027 
44746 44746 44747 44733 44732 43403 42253 41047 
44747 44747 44747 44733 44733 43398 42263 41054 
44747 44745 44746 44734 44731 43402 42272 41078 
44747 44747 44747 44733 44731 43400 42278 41082 
44747 44746 44747 44734 44732 43406 42285 41103 
44745 44746 44744 44730 44732 43401 42291 41114 
44744 44745 44747 44732 44732 43400 42305 41127 
44746 44745 44745 44732 44732 43398 42302 41145 
44746 44746 44742 44731 44735 43400 42305 41144 
44746 44746 44746 44732 44732 43413 42314 41165 
44744 44747 44748 44735 44733 43414 42313 41160 
44746 44745 44746 44734 44734 43419 42335 41181 
44747 44750 44746 44731 44732 43412 42329 41188 
44745 44745 44746 44733 44732 43423 42342 41200 
44745 44745 44746 44732 44733 43425 42345 41211 
44746 44746 44745 44731 44731 43429 42348 41215 
44746 44746 44747 44733 44733 43430 42363 41236 
44747 44746 44748 44735 44740 43452 42370 41245 
44747 44747 44748 44734 44735 43459 42383 41261 
44749 44750 44750 44735 44734 43447 42381 41261 
44749 44748 44748 44735 44735 43458 42397 41282 
44748 44748 44747 44735 44735 43446 42392 41283 
44748 44748 44748 44735 44735 43450 42392 41298 
44749 44747 44748 44735 44734 43452 42390 41292 
44748 44748 44749 44736 44737 43449 42395 41291 
44749 44750 44748 44735 44736 43442 42396 41297 
44750 44750 44749 44738 44737 43446 42397 41303 
44750 44750 44753 44735 44736 43443 42400 41302 
44749 44751 44750 44737 44737 43453 42399 41309 
44748 44750 44750 44737 44737 43447 42403 41306 
44751 44750 44750 44736 44736 43453 42392 41309 
44747 44750 44750 44735 44735 43462 42406 41321 
44750 44747 44748 44735 44734 43442 42401 41317 
44749 44749 44749 44736 44736 43446 42404 41327 
44746 44748 44749 44734 44733 43442 42407 41324 
44747 44747 44750 44735 44735 43444 42407 41337 
44749 44748 44748 44734 44734 43443 42400 41329 
44746 44749 44749 44735 44733 43451 42412 41333 
44748 44747 44747 44730 44733 43448 42409 41337 
44747 44747 44746 44735 44734 43455 42416 41338 
44748 44747 44748 44734 44733 43450 42412 41346 
44747 44747 44749 44734 44733 43456 42414 41341 
44747 44747 44747 44734 44731 43452 42422 41350 
44748 44747 44755 44735 44734 43453 42418 41352 
44746 44748 44748 44735 44734 43483 42457 41394 
44749 44748 44747 44735 44734 43473 42445 41384 
44749 44746 44747 44732 44735 43479 42460 41405 
44748 44746 44747 44739 44736 43479 42461 41396 
44748 44747 44747 44734 44732 43491 42478 41420 
44749 44747 44747 44734 44735 43493 42479 41424 
44749 44747 44746 44735 44734 43488 42481 41428 
44748 44747 44748 44735 44735 43498 42496 41446 
44748 44750 44749 44735 44734 43492 42490 41443 
44749 44749 44746 44735 44736 43497 42493 41455 
44749 44749 44748 44736 44736 43493 42488 41449 
44747 44749 44748 44736 44735 43494 42492 41445 
44748 44748 44745 44735 44733 43481 42483 41446 
44747 44746 44745 44732 44733 43480 42474 41439 
44745 44745 44746 44732 44731 43475 42473 41442 
44745 44745 44743 44731 44732 43469 42456 41420 
44747 44745 44745 44732 44733 43471 42471 41425 
44744 44745 44745 44732 44731 43461 42458 41419 
44744 44746 44744 44734 44732 43469 42457 41401 
44745 44746 44744 44732 44732 43473 42484 41415 
44746 44746 44746 44732 44730 43479 42484 41422 
44745 44746 44745 44733 44733 43469 42474 41426 
44745 44745 44744 44738 44733 43475 42472 41426 
44745 44745 44744 44733 44732 43478 42473 41426 
44745 44745 44746 44732 44731 43475 42469 41424 
44746 44744 44745 44733 44733 43481 42478 41436 
44746 44746 44744 44731 44731 43479 42476 41434 
44744 44744 44745 44731 44731 43484 42484 41450 
44745 44746 44745 44733 44732 43484 42476 41441 
44746 44745 44745 44732 44733 43484 42480 41442 
44749 44748 44748 44732 44735 43480 42470 41440 
44747 44747 44742 44734 44733 43498 42469 41434 
44748 44747 44747 44735 44735 43499 42481 41448 
44747 44749 44749 44735 44736 43494 42480 41440 
44749 44749 44749 44735 44735 43496 42491 41464 
44748 44749 44749 44737 44736 43475 42445 41445 
44751 44751 44749 44737 44738 43487 42459 41445 
44749 44750 44751 44737 44737 43489 42469 41445 
44751 44747 44751 44737 44737 43494 42479 41446 
44752 44752 44753 44736 44738 43490 42485 41454 
44750 44749 44750 44739 44738 43488 42483 41455 
44751 44750 44750 44738 44738 43494 42490 41461 
44750 44752 44751 44737 44738 43493 42490 41453 
44750 44751 44751 44736 44739 43503 42507 41466 
44750 44752 44752 44737 44737 43489 42495 41462 
44751 44750 44751 44738 44737 43497 42502 41468 
44752 44751 44749 44737 44738 43493 42495 41470 
44752 44751 44751 44737 44743 43524 42520 41480 
44751 44749 44750 44739 44736 43510 42518 41488 
44751 44750 44751 44738 44737 43505 42511 41483 
44750 44750 44750 44736 44737 43498 42504 41478 
44748 44749 44748 44737 44736 43493 42491 41463 
44749 44749 44756 44738 44736 43515 42501 41471 
44748 44748 44747 44735 44736 43512 42498 41470 
44748 44748 44748 44736 44736 43505 42501 41472 
44749 44749 44749 44738 44735 43504 42502 41490 
44749 44750 44748 44727 44735 43488 42464 41475 
44750 44750 44751 44736 44736 43487 42467 41462 
44751 44750 44750 44738 44737 43492 42477 41468 
44751 44751 44751 44738 44738 43490 42476 41459 
44752 44752 44752 44739 44739 43494 42486 41462 
44755 44753 44756 44740 44740 43485 42479 41451 
44755 44755 44755 44742 44741 43493 42487 41457 
44755 44754 44755 44740 44741 43495 42490 41466 
44754 44756 44754 44741 44742 43499 42492 41460 
44757 44756 44756 44741 44741 43486 42488 41443 
44756 44756 44755 44743 44742 43491 42514 41447 
44754 44755 44754 44742 44741 43496 42516 41469 
44755 44756 44755 44742 44743 43487 42495 41460 
44753 44756 44757 44742 44740 43491 42501 41465 
44755 44756 44754 44742 44742 43479 42485 41452 
44756 44755 44753 44739 44740 43480 42476 41443 
44755 44756 44754 44741 44740 43475 42472 41443 
44754 44754 44754 44742 44741 43487 42473 41439 
44754 44754 44753 44740 44741 43485 42488 41449 
44753 44752 44754 44740 44739 43475 42475 41443 
44754 44755 44755 44741 44740 43482 42476 41445 
44754 44754 44754 44740 44740 43475 42463 41431 
44753 44752 44754 44739 44739 43485 42470 41429 
44752 44753 44754 44740 44740 43474 42470 41425 
44753 44753 44754 44741 44740 43474 42467 41427 
44753 44753 44751 44739 44739 43477 42447 41417 
44751 44752 44754 44739 44739 43488 42446 41409 
44752 44751 44751 44740 44738 43502 42460 41421 
44752 44752 44753 44739 44741 43487 42450 41405 
44752 44753 44752 44740 44739 43490 42468 41428 
44753 44753 44760 44741 44738 43484 42456 41417 
44751 44752 44753 44738 44740 43489 42472 41426 
44753 44751 44750 44738 44738 43478 42465 41422 
44751 44752 44751 44738 44737 43484 42468 41435 
44751 44751 44751 44736 44737 43478 42470 41443 
44751 44752 44750 44736 44736 43480 42459 41428 
44750 44750 44749 44735 44735 43480 42471 41432 
44750 44748 44749 44744 44737 43474 42460 41425 
44749 44749 44749 44735 44736 43478 42459 41426 
44749 44750 44748 44736 44737 43464 42456 41431 
44753 44749 44751 44737 44733 43464 42417 41415 
44749 44748 44749 44736 44736 43465 42427 41407 
44749 44749 44748 44735 44734 43466 42430 41405 
44749 44749 44749 44735 44735 43475 42440 41406 
44748 44748 44749 44736 44734 43466 42442 41399 
44749 44747 44749 44735 44734 43475 42452 41413 
44748 44747 44747 44733 44733 43464 42446 41408 
44747 44747 44747 44735 44733 43466 42449 41416 
44745 44747 44746 44734 44733 43470 42444 41415 
44746 44747 44746 44733 44733 43466 42450 41391 
44746 44747 44746 44732 44731 43465 42445 41399 
44748 44746 44746 44732 44732 43467 42449 41394 
44746 44747 44744 44732 44730 43471 42456 41409 
44745 44745 44745 44732 44732 43472 42447 41400 
44745 44746 44745 44737 44731 43476 42460 41407 
44744 44744 44745 44733 44731 43467 42450 41409 
44744 44745 44744 44730 44732 43476 42456 41409 
44745 44746 44746 44730 44731 43466 42455 41415 
44748 44746 44745 44731 44730 43472 42449 41411 
44745 44744 44743 44731 44732 43467 42458 41413 
44746 44745 44745 44731 44731 43466 42447 41410 
44744 44745 44745 44731 44730 43473 42451 41412 
44745 44742 44745 44731 44731 43468 42454 41412 
44745 44744 44744 44731 44732 43471 42441 41403 
44744 44745 44744 44731 44730 43486 42457 41421 
44746 44743 44745 44731 44730 43475 42454 41427 
44746 44746 44745 44732 44733 43479 42449 41413 
44745 44747 44738 44729 44730 43472 42456 41419 
44745 44746 44746 44730 44730 43467 42443 41410 
44745 44745 44744 44731 44732 43472 42457 41420 
44747 44744 44746 44731 44732 43467 42447 41412 
44745 44746 44744 44732 44731 43478 42454 41415 
44750 44745 44747 44731 44730 43465 42453 41410 
44745 44746 44745 44732 44731 43469 42451 41413 
44745 44746 44747 32890 32891 36922 38150 38826 
32923 32923 32926 32940 32941 35206 36539 37580 
32926 32926 32926 32936 32937 34075 35228 36400 
32926 32925 32924 32919 32919 33342 34223 35343 
32922 32922 32923 32902 32894 32909 33488 34476 
32918 32918 32918 32883 32881 32658 32961 33739 
32912 32912 32912 32867 32866 32545 32646 33188 
32907 32907 32906 32855 32852 32504 32443 32769 
32899 32899 32899 32841 32840 32519 32367 32475 
32893 32891 32890 32831 32827 32537 32327 32283 
32886 32885 32885 32818 32819 32591 32342 32152 
32878 32878 32878 32808 32808 32631 32399 32097 
32873 32871 32871 32802 32801 32665 32434 32064 
32869 32868 32868 32795 32794 32704 32513 32076 
32863 32863 32861 32789 32787 32717 32557 32076 
32859 32860 32859 32783 32783 32746 32613 32125 
32857 32857 32857 32781 32780 32744 32657 32170 
32857 32857 32857 32777 32777 32750 32682 32219 
32853 32854 32856 32775 32775 32754 32717 32270 
32855 32853 32854 32774 32774 32744 32730 32310 
32857 32855 32854 32773 32774 32751 32751 32354 
32853 32854 32854 32772 32773 32730 32756 32375 
32852 32852 32853 32772 32772 32722 32751 32417 
32856 32854 32854 32772 32774 32708 32743 32420 
32853 32855 32852 32773 32771 32691 32737 32433 
32853 32853 32853 32772 32772 32668 32711 32439 
32852 32852 32853 32772 32780 32680 32720 32445 
32854 32853 32852 32772 32773 32644 32688 32457 
32854 32853 32853 32773 32773 32626 32662 32431 
32853 32853 32853 32773 32774 32602 32651 32436 
32853 32853 32854 32773 32774 32573 32606 32412 
32853 32855 32857 32773 32772 32561 32588 32393 
32854 32854 32853 32772 32774 32522 32544 32378 
32853 32855 32853 32773 32775 32519 32525 32357 
32852 32852 32853 32773 32773 32490 32497 32331 
32854 32855 32854 32774 32773 32485 32462 32304 
32846 32853 32852 32774 32774 32462 32437 32268 
32854 32852 32857 32773 32774 32434 32398 32238 
32853 32853 32851 32772 32773 32431 32383 32217 
32851 32852 32853 32772 32771 32390 32343 32174 
32853 32854 32851 32774 32773 32378 32309 32159 
32853 32853 32851 32772 32772 32360 32278 32113 
32852 32854 32854 32771 32771 32341 32248 32082 
32851 32852 32851 32773 32772 32326 32215 32049 
32853 32851 32850 32770 32772 32304 32181 32003 
32850 32852 32852 32770 32771 32309 32169 31988 
32851 32851 32851 32771 32770 32294 32135 31946 
32850 32850 32850 32770 32772 32279 32124 31923 
32849 32851 32850 32769 32769 32254 32078 31883 
32849 32850 32852 32768 32769 32251 32069 31862 
32849 32851 32849 32771 32771 32233 32043 31856 
32851 32850 32850 32769 32770 32226 32013 31811 
32849 32850 32850 32769 32769 32204 31995 31780 
32853 32852 32851 32771 32768 32194 31957 31741 
32850 32850 32851 32768 32770 32187 31938 31706 
32848 32849 32850 32770 32769 32174 31915 31672 
32849 32852 32853 32770 32769 32173 31897 31642 
32850 32849 32850 32766 32768 32154 31881 31613 
32851 32850 32850 32761 32768 32121 31839 31582 
32848 32850 32851 32769 32768 32129 31821 31542 
32849 32850 32850 32768 32768 32118 31805 31520 
32849 32849 32848 32767 32768 32115 31779 31482 
32848 32849 32849 32768 32767 32115 31798 31479 
32848 32848 32848 32768 32766 32099 31766 31454 
32848 32850 32849 32768 32770 32106 31756 31430 
32849 32848 32850 32769 32768 32089 31737 31402 
32849 32849 32850 32779 32770 32097 31726 31384 
32848 32849 32849 32769 32769 32085 31717 31350 
32849 32850 32850 32769 32769 32073 31711 31341 
32849 32849 32848 32767 32768 32068 31692 31319 
32848 32847 32848 32770 32769 32056 31673 31293 
32849 32848 32848 32774 32771 32056 31655 31285 
32847 32850 32848 32768 32767 32051 31633 31242 
32846 32847 32848 32768 32766 32049 31636 31239 
32846 32847 32846 32767 32766 32044 31614 31210 
32848 32847 32848 32766 32768 32045 31617 31197 
32847 32849 32848 32767 32766 32035 31610 31199 
32846 32846 32846 32767 32767 32025 31568 31159 
32846 32846 32846 32766 32767 32015 31574 31155 
32846 32848 32852 32768 32766 32023 31560 31133 
32846 32845 32849 32767 32767 32027 31568 31126 
32847 32850 32846 32770 32768 32025 31553 31113 
32847 32847 32848 32767 32767 32037 31556 31081 
32846 32848 32847 32767 32767 32026 31587 31081 
32847 32849 32847 32768 32766 32049 31582 31088 
32848 32849 32848 32767 32768 32033 31565 31075 
32848 32850 32849 32768 32767 32039 31574 31079 
32848 32849 32848 32767 32767 31995 31544 31063 
32849 32849 32847 32768 32767 31985 31534 31039 
32847 32847 32848 32768 32767 31995 31530 31045 
32846 32849 32850 32766 32766 31991 31505 31012 
32847 32847 32848 32768 32767 31993 31507 31009 
32847 32848 32847 32767 32767 31961 31474 30984 
32846 32848 32850 32766 32765 31969 31475 30967 
32846 32847 32847 32765 32764 31965 31463 30967 
32845 32847 32845 32766 32768 31973 31449 30949 
32845 32845 32846 32766 32766 31974 31454 30948 
32844 32846 32847 32766 32765 31977 31438 30923 
32843 32845 32846 32767 32764 31986 31457 30926 
32846 32844 32844 32765 32765 31981 31449 30921 
32843 32845 32844 32764 32764 31998 31460 30928 
32843 32844 32846 32764 32764 31974 31464 30933 
32846 32844 32847 32766 32765 31981 31451 30927 
32844 32845 32845 32763 32765 31978 31449 30918 
32845 32844 32847 32764 32763 31995 31460 30913 
32844 32845 32846 32768 32767 31998 31466 30921 
32847 32846 32845 32765 32767 31986 31461 30910 
32846 32847 32845 32766 32766 31987 31462 30918 
32847 32848 32853 32768 32766 31985 31445 30901 
32847 32847 32848 32768 32768 31987 31458 30902 
32847 32848 32845 32767 32766 31980 31443 30899 
32846 32848 32848 32767 32768 31987 31451 30892 
32846 32845 32842 32767 32767 31980 31448 30900 
32846 32846 32845 32767 32768 31986 31438 30882 
32846 32847 32846 32766 32766 31983 31451 30886 
32846 32846 32849 32768 32767 31976 31433 30880 
32846 32846 32845 32778 32769 31988 31445 30884 
32846 32846 32848 32765 32765 31971 31431 30875 
32845 32846 32846 32766 32767 31981 31430 30870 
32844 32844 32845 32767 32767 31968 31420 30852 
32846 32847 32846 32767 32766 31973 31428 30851 
32844 32846 32845 32766 32765 31950 31406 30837 
32843 32845 32846 32767 32765 31954 31408 30834 
32845 32844 32845 32765 32768 31943 31385 30819 
32845 32846 32846 32765 32764 31938 31378 30801 
32845 32845 32846 32766 32763 31932 31366 30798 
32845 32845 32845 32764 32766 31946 31366 30789 
32844 32846 32842 32765 32765 31932 31369 30781 
32845 32846 32845 32768 32766 31923 31357 30774 
32845 32847 32847 32767 32767 31929 31362 30773 
32846 32846 32847 32766 32767 31931 31350 30765 
32845 32848 32847 32768 32766 31939 31355 30764 
32848 32848 32844 32770 32769 31941 31351 30749 
32849 32850 32850 32770 32770 31954 31396 30774 
32849 32850 32850 32771 32769 31956 31391 30779 
32851 32849 32851 32769 32770 31960 31397 30786 
32850 32849 32849 32769 32770 31955 31390 30789 
32849 32848 32851 32770 32770 31943 31385 30782 
32847 32848 32849 32769 32771 31947 31390 30800 
32849 32848 32848 32770 32770 31956 31384 30793 
32848 32849 32850 32769 32770 31957 31389 30795 
32849 32850 32849 32770 32768 31957 31391 30788 
32848 32850 32849 32768 32768 31970 31406 30823 
32849 32849 32849 32769 32768 31955 31393 30819 
32847 32849 32847 32768 32769 31961 31387 30800 
32847 32848 32857 32769 32768 31955 31396 30799 
32844 32847 32849 32768 32768 31950 31386 30795 
32847 32847 32847 32767 32767 31951 31382 30792 
32847 32846 32847 32767 32765 31937 31367 30778 
32845 32846 32842 32765 32766 31950 31371 30778 
32845 32846 32846 32768 32768 31941 31372 30770 
32848 32845 32847 32767 32766 31944 31373 30778 
32844 32843 32847 32766 32769 31980 31392 30784 
32845 32842 32846 32767 32766 31965 31391 30784 
32846 32845 32846 32766 32767 31963 31385 30790 
32845 32845 32845 32764 32765 31951 31379 30775 
32844 32845 32846 32767 32764 31959 31379 30797 
32843 32843 32843 32766 32766 31948 31364 30780 
32844 32844 32845 32764 32763 31951 31372 30779 
32843 32843 32845 32764 32763 31942 31360 30772 
32842 32842 32843 32766 32764 31948 31367 30770 
32843 32843 32842 32764 32762 31940 31346 30761 
32843 32842 32844 32762 32762 31964 31346 30749 
32841 32841 32843 32763 32763 31957 31358 30755 
32842 32842 32842 32763 32764 31950 31356 30752 
32842 32843 32843 32761 32761 31948 31357 30772 
32841 32842 32842 32762 32760 31933 31321 30752 
32843 32840 32839 32762 32761 31945 31342 30755 
32842 32842 32840 32762 32762 31932 31335 30745 
32841 32842 32840 32761 32760 31944 31349 30750 
32839 32842 32842 32762 32761 31935 31342 30748 
32841 32841 32840 32761 32758 31933 31338 30741 
32841 32840 32840 32761 32761 31937 31350 30746 
32839 32839 32840 32760 32759 31937 31348 30742 
32840 32840 32840 32761 32761 31932 31352 30752 
32837 32839 32839 32761 32760 31905 31326 30735 
32840 32841 32842 32760 32759 31923 31343 30743 
32841 32840 32840 32762 32760 31917 31341 30743 
32841 32841 32839 32761 32760 31941 31355 30751 
32840 32844 32841 32760 32762 31937 31358 30756 
32841 32842 32843 32761 32759 31937 31347 30741 
32839 32839 32841 32761 32761 31941 31367 30759 
32840 32841 32835 32761 32760 31942 31363 30752 
32840 32841 32842 32761 32760 31943 31369 30752 
32841 32841 32842 32762 32761 31942 31363 30756 
32842 32842 32842 32761 32760 31961 31387 30776 
32839 32840 32839 32761 32759 31950 31386 30780 
32840 32839 32840 32761 32760 31945 31356 30766 
32841 32841 32839 32759 32761 31949 31367 30777 
32839 32839 32839 32761 32757 31957 31377 30784 
32839 32838 32842 32759 32754 31939 31371 30779 
32837 32839 32838 32760 32758 31945 31378 30786 
32840 32838 32840 32759 32759 31946 31373 30785 
32837 32839 32840 32758 32760 31954 31384 30790 
32838 32840 32841 32761 32760 31955 31384 30792 
32841 32841 32842 32761 32750 31955 31386 30790 
32842 32842 32844 32762 32761 31957 31394 30804 
32841 32841 32841 32761 32759 31962 31387 30799 
32839 32841 32842 32761 32761 31962 31398 30804 
32843 32851 32843 32760 32763 31954 31383 30796 
32842 32842 32844 32760 32761 31972 31400 30806 
32842 32842 32843 32763 32761 31958 31395 30807 
32842 32842 32842 32763 32762 31970 31398 30808 
32843 32843 32841 32758 32761 31961 31395 30800 
32842 32842 32842 32761 32761 31973 31422 30819 
32842 32840 32841 32762 32762 31964 31410 30818 
32841 32842 32841 32763 32762 31960 31401 30810 
32841 32843 32847 32763 32761 31966 31404 30815 
32841 32840 32842 32762 32760 31955 31398 30803 
32842 32841 32841 32763 32763 31959 31402 30816 
32841 32843 32841 32761 32761 31954 31389 30805 
32841 32842 32844 32763 32761 31964 31403 30813 
32840 32840 32840 32759 32762 31960 31397 30820 
32841 32842 32841 32763 32762 31963 31398 30799 
32842 32841 32843 32762 32762 31958 31405 30817 
32842 32844 32842 32763 32763 31962 31397 30810 
32843 32843 32844 32765 32763 31971 31409 30820 
32844 32844 32843 32763 32761 31964 31409 30814 
32843 32843 32843 32765 32763 31979 31419 30818 
32844 32845 32843 32763 32763 31965 31411 30823 
32845 32845 32845 32766 32765 31972 31407 30819 
32846 32846 32846 32765 32766 31965 31409 30825 
32845 32845 32840 32766 32764 31958 31392 30815 
32845 32846 32846 32766 32767 31964 31397 30818 
32845 32848 32846 32767 32766 31959 31391 30810 
32845 32847 32844 32767 32767 31973 31400 30818 
32847 32847 32847 32765 32767 31951 31396 30810 
32848 32849 32848 32768 32768 31959 31401 30817 
32849 32849 32849 32767 32769 31963 31394 30813 
32849 32849 32847 32771 32770 31965 31407 30806 
32849 32850 32848 32769 32769 31973 31417 30817 
32847 32848 32849 32767 32767 31966 31416 30814 
32846 32847 32848 32769 32768 31968 31419 30832 
32848 32848 32849 32766 32767 31961 31393 30813 
32847 32847 32848 32766 32766 31989 31415 30821 
32846 32847 32848 32768 32768 31978 31404 30818 
32847 32847 32848 32767 32768 31983 31413 30819 
32847 32849 32848 32767 32765 31970 31408 30828 
32848 32848 32849 32768 32769 31976 31404 30819 
32847 32846 32847 32768 32761 31958 31405 30821 
32847 32847 32848 32767 32765 31956 31392 30814 
32845 32847 32847 32766 32767 31964 31401 30817 
32849 32846 32848 32767 32766 31955 31390 30798 
32846 32846 32843 32766 32765 31973 31408 30837 
32845 32846 32846 32765 32765 31958 31403 30825 
32845 32845 32846 32766 32764 31958 31393 30820 
32844 32845 32844 32765 32765 31963 31396 30817 
32844 32845 32845 32765 32762 31961 31398 30811 
32844 32844 32843 32763 32767 31988 31418 30828 
32844 32844 32842 32764 32763 31969 31413 30820 
32844 32844 32844 44617 44661 38556 35733 33426 
44671 44668 44667 44641 44642 40293 37355 34684 
44658 44658 44659 44633 44633 41433 38688 35883 
44657 44657 44660 44635 44634 42148 39681 36927 
44660 44660 44662 44638 44639 42583 40427 37808 
44667 44668 44668 44645 44644 42812 40925 38533 
44673 44675 44676 44654 44654 42929 41247 39080 
44681 44684 44684 44664 44662 42955 41440 39493 
44692 44692 44693 44671 44672 42940 41522 39789 
44698 44701 44702 44679 44679 42899 41540 39972 
44708 44708 44709 44690 44688 42851 41513 40092 
44714 44713 44716 44696 44698 42806 41464 40147 
44720 44721 44723 44701 44703 42766 41414 40159 
44724 44726 44727 44709 44708 42729 41342 40152 
44729 44729 44730 44713 44715 42705 41277 40102 
44734 44734 44734 44716 44718 42688 41232 40068 
44736 44737 44738 44723 44719 42684 41186 40015 
44738 44739 44739 44724 44724 42684 41169 39979 
44741 44742 44741 44727 44727 42676 41128 39936 
44741 44743 44742 44730 44728 42689 41118 39898 
44743 44742 44745 44729 44729 42684 41092 39857 
44743 44743 44743 44732 44731 42709 41087 39824 
44743 44742 44744 44730 44729 42718 41097 39803 
44743 44745 44744 44731 44732 42740 41107 39789 
44743 44745 44743 44731 44729 42776 41125 39780 
44744 44743 44743 44730 44731 42808 41150 39780 
44743 44745 44743 44730 44731 42827 41183 39801 
44742 44742 44744 44731 44732 42831 41187 39789 
44744 44743 44742 44730 44732 42863 41258 39816 
44741 44743 44743 44731 44729 42869 41266 39826 
44741 44741 44743 44730 44730 42882 41288 39836 
44743 44745 44744 44732 44731 42897 41313 39872 
44744 44747 44745 44731 44731 42916 41331 39879 
44745 44746 44746 44724 44732 42924 41359 39911 
44745 44745 44746 44734 44732 42937 41373 39920 
44745 44745 44747 44731 44732 42965 41412 39945 
44745 44746 44747 44733 44731 42974 41421 39985 
44745 44745 44746 44731 44732 43029 41455 40004 
44746 44747 44747 44733 44732 43033 41491 40036 
44743 44746 44747 44731 44731 43061 41525 40065 
44746 44746 44747 44732 44722 43072 41561 40096 
44745 44746 44745 44732 44732 43086 41585 40129 
44745 44745 44746 44730 44732 43110 41627 40168 
44744 44745 44743 44731 44731 43114 41656 40196 
44744 44743 44744 44731 44729 43135 41686 40235 
44743 44744 44744 44731 44731 43148 41721 40259 
44745 44745 44745 44732 44729 43162 41746 40298 
44744 44744 44744 44729 44730 43177 41767 40330 
44744 44743 44743 44731 44730 43183 41794 40359 
44744 44745 44744 44731 44720 43194 41810 40400 
44744 44746 44744 44731 44730 43213 41832 40415 
44745 44744 44746 44730 44731 43226 41865 40455 
44745 44745 44746 44732 44733 43238 41882 40477 
44744 44746 44745 44732 44732 43250 41915 40516 
44747 44743 44746 44733 44732 43251 41928 40554 
44746 44750 44748 44735 44732 43266 41948 40568 
44747 44748 44747 44733 44733 43272 41973 40609 
44747 44748 44746 44733 44732 43280 41984 40630 
44748 44748 44749 44735 44733 43292 42010 40659 
44748 44747 44752 44734 44735 43293 42017 40684 
44747 44748 44747 44733 44734 43314 42044 40711 
44747 44746 44747 44734 44732 43312 42065 40734 
44747 44747 44745 44735 44730 43322 42078 40764 
44747 44747 44748 44733 44735 43330 42098 40790 
44747 44748 44748 44735 44733 43320 42108 40813 
44747 44748 44747 44735 44734 43335 42121 40832 
44749 44747 44747 44735 44735 43344 42145 40853 
44752 44751 44748 44734 44734 43365 42167 40886 
44747 44747 44745 44735 44734 43361 42169 40896 
44747 44748 44748 44734 44734 43360 42176 40921 
44748 44748 44747 44735 44734 43362 42179 40938 
44747 44748 44748 44734 44733 43354 42197 40954 
44747 44747 44748 44734 44733 43395 42217 40983 
44748 44748 44747 44732 44735 43406 42234 40994 
44749 44747 44748 44734 44733 43398 42252 41018 
44749 44747 44746 44736 44735 43400 42258 41042 
44747 44748 44738 44731 44735 43396 42258 41051 
44748 44748 44748 44734 44730 43375 42244 41057 
44749 44748 44747 44732 44733 43391 42251 41064 
44746 44747 44747 44735 44734 43394 42273 41080 
44747 44747 44747 44733 44733 43396 42274 41098 
44747 44757 44751 44733 44734 43405 42282 41101 
44747 44747 44747 44738 44733 43409 42292 41120 
44749 44746 44748 44733 44735 43413 42295 41125 
44747 44749 44747 44733 44732 43414 42313 41143 
44749 44746 44748 44735 44733 43412 42308 41156 
44746 44748 44748 44734 44736 43429 42327 41169 
44747 44747 44749 44737 44734 43419 42327 41179 
44746 44747 44749 44734 44733 43429 42337 41194 
44748 44747 44747 44735 44735 43430 42349 41209 
44749 44749 44748 44734 44738 43437 42355 41222 
44746 44747 44748 44732 44733 43443 42365 41235 
44749 44746 44748 44734 44734 43425 42363 41235 
44747 44748 44747 44734 44734 43429 42370 41248 
44746 44748 44748 44733 44734 43424 42384 41249 
44748 44746 44747 44735 44734 43430 42374 41256 
44748 44747 44747 44734 44734 43434 42370 41260 
44747 44749 44747 44733 44735 43437 42394 41270 
44746 44747 44747 44735 44734 43428 42396 41298 
44747 44749 44747 44735 44735 43432 42373 41283 
44748 44747 44748 44735 44734 43436 42388 41295 
44749 44748 44748 44735 44736 43436 42375 41284 
44749 44748 44748 44735 44735 43443 42387 41282 
44744 44748 44748 44735 44735 43442 42384 41282 
44749 44748 44748 44736 44736 43457 42399 41299 
44748 44749 44748 44734 44735 43445 42403 41305 
44749 44748 44748 44740 44733 43451 42402 41310 
44748 44747 44748 44736 44734 43450 42407 41318 
44750 44747 44747 44736 44735 43447 42400 41318 
44748 44748 44748 44735 44734 43455 42406 41326 
44748 44747 44747 44735 44734 43449 42410 41324 
44748 44748 44747 44734 44735 43461 42415 41340 
44747 44749 44748 44735 44734 43446 42404 41331 
44747 44747 44749 44736 44733 43455 42416 41340 
44749 44748 44747 44734 44736 43451 42408 41341 
44747 44749 44746 44732 44734 43453 42416 41321 
44748 44747 44747 44735 44733 43452 42421 41342 
44747 44747 44746 44734 44735 43455 42416 41339 
44747 44747 44755 44734 44734 43466 42435 41355 
44747 44749 44742 44734 44733 43457 42422 41354 
44748 44748 44748 44736 44737 43468 42446 41373 
44748 44748 44748 44735 44734 43478 42454 41392 
44749 44749 44749 44734 44735 43480 42453 41391 
44748 44748 44748 44737 44736 43481 42465 41401 
44751 44750 44750 44737 44736 43483 42467 41413 
44751 44750 44749 44735 44735 43496 42488 41428 
44751 44749 44749 44737 44736 43488 42477 41428 
44750 44749 44749 44735 44737 43503 42499 41449 
44750 44751 44750 44737 44737 43497 42496 41445 
44751 44750 44751 44737 44736 43498 42497 41441 
44749 44750 44749 44736 44737 43507 42496 41459 
44749 44749 44749 44735 44737 43501 42495 41461 
44747 44749 44747 44733 44734 43492 42485 41461 
44748 44746 44748 44735 44732 43486 42481 41445 
44746 44746 44746 44732 44732 43484 42477 41448 
44746 44747 44744 44732 44733 43480 42463 41432 
44745 44745 44747 44731 44731 43477 42471 41434 
44745 44744 44745 44733 44732 43468 42453 41424 
44744 44744 44745 44731 44731 43474 42449 41416 
44745 44744 44745 44731 44732 43481 42451 41416 
44744 44744 44745 44731 44731 43486 42450 41412 
44746 44744 44744 44731 44731 43481 42461 41415 
44747 44746 44744 44732 44731 43477 42462 41423 
44743 44744 44745 44734 44731 43481 42462 41425 
44745 44744 44744 44732 44732 43480 42472 41429 
44745 44743 44744 44733 44732 43484 42469 41432 
44745 44746 44745 44733 44733 43488 42481 41432 
44746 44749 44746 44732 44731 43482 42482 41445 
44745 44745 44745 44732 44733 43490 42483 41447 
44747 44747 44746 44734 44734 43485 42485 41449 
44748 44747 44747 44735 44734 43486 42479 41447 
44748 44749 44747 44735 44736 43491 42488 41451 
44749 44749 44748 44736 44735 43474 42474 41445 
44749 44749 44748 44736 44737 43487 42479 41446 
44749 44750 44751 44737 44736 43479 42479 41442 
44750 44749 44749 44737 44738 43488 42484 41450 
44750 44750 44749 44736 44739 43486 42479 41441 
44750 44750 44749 44739 44737 43494 42499 41454 
44750 44751 44751 44738 44737 43494 42494 41456 
44751 44751 44750 44739 44741 43486 42486 41445 
44753 44751 44751 44739 44738 43490 42493 41463 
44752 44755 44754 44740 44739 43495 42493 41460 
44753 44755 44751 44741 44739 43506 42503 41471 
44753 44752 44751 44738 44740 43499 42497 41468 
44751 44753 44752 44740 44738 43501 42504 41468 
44752 44752 44753 44740 44739 43494 42500 41478 
44752 44754 44743 44739 44741 43497 42497 41472 
44754 44753 44751 44738 44738 43495 42497 41474 
44752 44752 44752 44740 44740 43496 42497 41467 
44753 44751 44752 44740 44740 43493 42498 41472 
44753 44754 44753 44738 44739 43486 42486 41465 
44751 44752 44759 44740 44738 43496 42494 41463 
44751 44750 44752 44737 44739 43490 42487 41460 
44750 44751 44750 44738 44738 43501 42501 41464 
44751 44751 44752 44739 44738 43493 42495 41472 
44750 44750 44751 44736 44739 43493 42481 41449 
44752 44751 44750 44738 44739 43513 42494 41463 
44751 44750 44752 44738 44737 43495 42479 41450 
44751 44752 44752 44739 44738 43501 42486 41459 
44751 44752 44752 44739 44739 43494 42489 41455 
44752 44754 44754 44739 44740 43514 42511 41476 
44752 44752 44753 44740 44739 43502 42502 41471 
44752 44752 44755 44741 44739 43498 42500 41469 
44754 44755 44754 44740 44741 43497 42500 41471 
44753 44754 44755 44738 44739 43494 42498 41478 
44753 44755 44754 44741 44740 43485 42488 41469 
44755 44753 44755 44741 44743 43480 42476 41455 
44754 44754 44754 44740 44741 43491 42495 41473 
44753 44755 44756 44743 44739 43488 42476 41459 
44754 44753 44755 44742 44742 43490 42487 41455 
44754 44755 44755 44742 44740 43481 42478 41453 
44754 44753 44755 44741 44741 43483 42474 41440 
44754 44755 44756 44742 44743 43477 42474 41449 
44753 44755 44754 44742 44740 43481 42474 41442 
44755 44755 44755 44740 44741 43466 42474 41444 
44754 44755 44754 44742 44741 43463 42464 41437 
44754 44755 44753 44741 44740 43478 42474 41440 
44754 44754 44751 44740 44740 43463 42453 41412 
44752 44751 44753 44741 44739 43484 42491 41424 
44753 44752 44753 44738 44739 43477 42489 41430 
44752 44753 44752 44738 44740 43458 42469 41427 
44747 44751 44753 44740 44738 43470 42469 41429 
44752 44752 44751 44738 44739 43453 42455 41419 
44751 44751 44750 44738 44738 43467 42454 41423 
44753 44751 44751 44737 44739 43459 42454 41410 
44751 44750 44748 44738 44738 43463 42447 41417 
44751 44751 44751 44739 44738 43471 42448 41414 
44751 44753 44752 44739 44739 43470 42456 41416 
44753 44751 44748 44738 44739 43476 42452 41416 
44754 44754 44753 44738 44738 43477 42463 41421 
44753 44752 44753 44740 44738 43471 42452 41424 
44753 44754 44753 44738 44741 43483 42460 41425 
44752 44753 44751 44736 44737 43471 42456 41417 
44751 44758 44752 44739 44738 43474 42454 41426 
44751 44751 44750 44738 44738 43469 42454 41414 
44751 44751 44751 44737 44737 43466 42454 41414 
44750 44750 44752 44737 44737 43471 42449 41410 
44750 44749 44750 44737 44737 43467 42453 41402 
44750 44750 44749 44735 44744 43466 42454 41414 
44749 44749 44750 44734 44735 43463 42445 41400 
44749 44747 44748 44736 44735 43464 42452 41413 
44748 44748 44747 44735 44736 43469 42443 41405 
44747 44749 44748 44733 44732 43470 42459 41414 
44746 44746 44747 44735 44731 43464 42443 41416 
44746 44746 44745 44733 44734 43472 42442 41406 
44747 44745 44745 44731 44732 43473 42452 41413 
44746 44746 44748 44734 44733 43471 42446 41408 
44746 44746 44745 44734 44733 43474 42461 41418 
44745 44746 44745 44732 44732 43466 42451 41420 
44745 44746 44747 44731 44731 43478 42454 41411 
44745 44745 44740 44731 44730 43466 42461 41409 
44746 44744 44744 44733 44732 43472 42458 41416 
44745 44744 44746 44732 44731 43465 42456 41411 
44745 44745 44747 44731 44730 43465 42456 41417 
44744 44746 44745 44733 44731 43469 42453 41413 
44745 44744 44745 44732 44730 43462 42453 41411 
44744 44745 44745 44731 44729 43466 42455 41423 
44744 44744 44744 44730 44731 43466 42449 41413 
44745 44744 44744 44729 44731 43467 42459 41424 
44745 44744 44744 44730 44730 43467 42447 41415 
44744 44744 44746 44732 44730 43468 42459 41411 
44746 44745 44744 44732 44732 43466 42450 41420 
44746 44747 44746 44731 44732 43470 42452 41410 
44745 44744 44748 44733 44732 43466 42450 41419 
44745 44745 44745 44732 44732 43464 42438 41406 
44745 44744 44745 44733 44730 43470 42457 41411 
44745 44745 44746 44732 44731 43456 42437 41403 
44745 44745 44744 44735 44734 43482 42448 41407 
44746 44745 44745 44732 44732 43470 42457 41412 
44745 44745 44745 44734 44731 43472 42446 41411 
44746 44745 44747 32927 32892 36932 38168 38838 
32926 32925 32925 32940 32942 35211 36540 37566 
32926 32926 32926 32937 32935 34085 35232 36387 
32926 32926 32925 32920 32918 33342 34227 35339 
32924 32923 32923 32904 32900 32909 33494 34478 
32920 32921 32919 32887 32884 32649 32973 33750 
32915 32915 32914 32871 32867 32542 32651 33199 
32908 32908 32906 32854 32854 32510 32448 32774 
32901 32901 32900 32843 32841 32525 32373 32479 
32893 32893 32892 32832 32822 32532 32326 32288 
32884 32887 32885 32820 32819 32583 32338 32151 
32882 32881 32879 32811 32809 32629 32394 32099 
32876 32875 32874 32803 32803 32667 32431 32063 
32872 32870 32869 32795 32789 32709 32510 32076 
32863 32865 32865 32789 32788 32729 32557 32108 
32861 32861 32862 32786 32786 32753 32613 32141 
32860 32858 32858 32781 32781 32748 32659 32191 
32857 32857 32857 32777 32777 32758 32685 32234 
32854 32856 32855 32775 32775 32756 32725 32277 
32857 32854 32854 32774 32774 32746 32727 32315 
32853 32855 32854 32772 32772 32748 32748 32353 
32853 32853 32854 32771 32770 32724 32748 32378 
32852 32850 32852 32773 32773 32725 32758 32413 
32851 32852 32853 32770 32771 32705 32749 32423 
32852 32853 32853 32771 32770 32685 32732 32437 
32854 32852 32851 32772 32772 32672 32713 32430 
32852 32852 32852 32772 32772 32646 32709 32440 
32852 32853 32855 32772 32772 32618 32665 32437 
32853 32853 32855 32771 32773 32611 32646 32423 
32854 32853 32854 32775 32773 32609 32631 32437 
32852 32854 32852 32772 32771 32600 32613 32424 
32852 32853 32853 32774 32772 32569 32590 32402 
32854 32852 32853 32773 32773 32550 32559 32390 
32853 32853 32860 32775 32773 32530 32532 32361 
32852 32852 32854 32773 32772 32507 32507 32336 
32853 32854 32853 32774 32773 32488 32476 32317 
32852 32852 32852 32773 32773 32449 32425 32263 
32852 32852 32854 32772 32773 32440 32413 32258 
32851 32853 32854 32772 32771 32421 32371 32213 
32853 32852 32854 32773 32771 32397 32351 32184 
32852 32852 32851 32773 32773 32378 32302 32150 
32851 32851 32850 32772 32771 32367 32278 32108 
32850 32850 32851 32773 32771 32340 32246 32087 
32851 32850 32849 32771 32771 32330 32214 32044 
32847 32850 32852 32770 32770 32309 32194 32019 
32850 32852 32851 32774 32772 32290 32150 31982 
32853 32852 32853 32773 32772 32293 32136 31948 
32852 32852 32852 32770 32771 32266 32105 31916 
32852 32851 32851 32772 32770 32265 32095 31892 
32851 32851 32851 32772 32773 32222 32062 31857 
32852 32853 32850 32772 32773 32219 32032 31828 
32852 32851 32853 32771 32764 32222 32018 31791 
32850 32852 32852 32772 32771 32207 31994 31759 
32852 32852 32850 32772 32771 32207 31975 31739 
32850 32852 32851 32770 32771 32184 31947 31702 
32850 32849 32850 32771 32769 32178 31925 31682 
32849 32850 32852 32768 32772 32167 31893 31650 
32852 32850 32850 32769 32769 32151 31865 31616 
32850 32848 32849 32770 32770 32143 31839 31590 
32849 32850 32848 32768 32770 32142 31825 31547 
32849 32849 32849 32771 32774 32118 31808 31529 
32848 32848 32850 32770 32766 32115 31781 31485 
32850 32850 32849 32769 32770 32110 31779 31467 
32849 32849 32850 32770 32768 32094 31747 31439 
32848 32849 32850 32769 32769 32103 31741 31414 
32849 32849 32848 32770 32768 32086 31728 31399 
32848 32850 32849 32769 32769 32081 31709 31370 
32847 32848 32849 32770 32768 32072 31699 31349 
32848 32847 32849 32765 32766 32067 31681 31326 
32848 32851 32848 32768 32768 32071 31674 31306 
32848 32848 32850 32769 32769 32054 31661 31281 
32848 32848 32847 32768 32769 32060 31648 31271 
32848 32849 32849 32768 32764 32045 31629 31236 
32846 32847 32848 32766 32767 32059 31626 31241 
32847 32847 32846 32769 32768 32046 31594 31204 
32848 32847 32848 32766 32768 32041 31600 31187 
32845 32849 32848 32767 32766 32040 31595 31184 
32848 32847 32844 32761 32769 32040 31585 31157 
32848 32848 32847 32768 32768 32037 31583 31151 
32848 32850 32849 32769 32769 32035 31568 31129 
32847 32849 32849 32768 32768 32038 31584 31132 
32849 32849 32850 32769 32768 32026 31562 31120 
32847 32848 32848 32767 32768 32041 31567 31108 
32849 32848 32849 32769 32768 32024 31563 31099 
32847 32847 32847 32769 32770 32025 31548 31082 
32848 32849 32849 32769 32769 32022 31551 31080 
32850 32849 32849 32771 32769 32013 31533 31067 
32849 32848 32848 32769 32769 32022 31530 31056 
32849 32850 32849 32768 32769 32006 31525 31036 
32849 32849 32850 32770 32769 32015 31517 31035 
32847 32849 32847 32769 32769 32003 31504 31010 
32848 32848 32848 32771 32768 31993 31494 31002 
32848 32847 32847 32767 32768 31992 31479 30985 
32845 32848 32848 32766 32766 31983 31479 30971 
32846 32847 32845 32767 32766 31981 31475 30949 
32846 32848 32847 32767 32766 31999 31492 30950 
32846 32846 32847 32767 32764 31986 31485 30950 
32846 32845 32846 32767 32767 31990 31476 30947 
32844 32845 32844 32766 32765 31979 31469 30934 
32847 32847 32846 32767 32767 31984 31465 30939 
32845 32846 32845 32766 32768 32001 31469 30930 
32846 32847 32847 32768 32768 31998 31479 30936 
32845 32847 32847 32767 32767 31995 31472 30942 
32845 32847 32846 32767 32765 31991 31472 30936 
32849 32847 32847 32766 32766 31986 31449 30938 
32847 32847 32846 32767 32767 31988 31439 30909 
32845 32846 32846 32767 32767 31993 31455 30909 
32846 32845 32847 32767 32767 31983 31444 30905 
32846 32846 32846 32763 32766 31987 31447 30900 
32847 32845 32848 32767 32766 31976 31451 30901 
32846 32848 32845 32767 32767 31979 31446 30893 
32846 32846 32848 32766 32766 31978 31453 30893 
32847 32847 32847 32768 32767 31976 31438 30886 
32846 32845 32845 32769 32766 31978 31441 30884 
32846 32846 32847 32765 32766 31968 31435 30877 
32846 32847 32847 32768 32766 31978 31438 30886 
32845 32845 32846 32765 32767 31973 31433 30871 
32846 32846 32846 32767 32765 31976 31432 30874 
32844 32845 32846 32767 32766 31973 31407 30854 
32846 32845 32845 32767 32766 32002 31431 30848 
32845 32846 32847 32766 32767 31984 31414 30846 
32845 32848 32848 32766 32764 31965 31401 30831 
32844 32840 32845 32765 32764 31968 31407 30835 
32844 32843 32842 32763 32765 31961 31390 30823 
32841 32846 32845 32764 32765 31948 31387 30804 
32841 32843 32844 32767 32764 31941 31373 30805 
32844 32844 32844 32765 32767 31947 31368 30790 
32843 32845 32845 32765 32763 31935 31362 30784 
32843 32844 32846 32764 32764 31936 31350 30771 
32843 32844 32843 32761 32767 31948 31371 30775 
32844 32844 32844 32765 32765 31949 31366 30777 
32843 32844 32846 32765 32765 31955 31371 30779 
32849 32848 32849 32771 32769 31949 31374 30777 
32849 32851 32850 32771 32772 31958 31378 30780 
32850 32850 32851 32771 32772 31961 31389 30804 
32851 32850 32850 32772 32772 31962 31390 30804 
32850 32850 32849 32771 32771 31969 31392 30808 
32850 32851 32850 32773 32773 31963 31395 30802 
32849 32848 32849 32771 32770 31962 31391 30811 
32849 32849 32849 32770 32769 31965 31389 30801 
32848 32850 32850 32769 32770 31969 31399 30807 
32847 32848 32846 32770 32769 31963 31391 30803 
32846 32847 32847 32770 32770 31964 31398 30802 
32846 32852 32847 32769 32770 31956 31391 30806 
32845 32853 32846 32768 32768 31958 31382 30794 
32846 32844 32845 32768 32767 31956 31384 30793 
32844 32844 32843 32767 32766 31947 31375 30791 
32844 32845 32843 32767 32765 31948 31366 30767 
32842 32843 32845 32764 32765 31939 31360 30765 
32845 32844 32844 32767 32767 31950 31364 30766 
32844 32843 32844 32759 32765 31940 31365 30761 
32843 32845 32840 32767 32766 31952 31370 30767 
32843 32843 32843 32767 32766 31947 31368 30770 
32843 32843 32842 32767 32766 31948 31365 30766 
32841 32843 32842 32766 32774 31972 31385 30781 
32843 32844 32843 32766 32766 31963 31382 30771 
32842 32843 32842 32766 32765 31957 31382 30782 
32841 32843 32842 32765 32766 31949 31367 30773 
32841 32845 32841 32764 32764 31953 31373 30771 
32840 32842 32840 32764 32765 31947 31369 30770 
32839 32841 32841 32764 32764 31947 31371 30770 
32838 32840 32841 32764 32763 31941 31366 30773 
32840 32838 32842 32764 32764 31946 31365 30779 
32839 32841 32841 32763 32763 31934 31352 30761 
32841 32839 32841 32764 32763 31938 31358 30765 
32838 32841 32840 32763 32764 31945 31355 30762 
32840 32841 32840 32762 32759 31937 31348 30748 
32839 32839 32840 32761 32761 31940 31366 30748 
32839 32838 32838 32762 32763 31943 31370 30750 
32840 32839 32839 32761 32762 31936 31367 30761 
32838 32840 32841 32764 32762 31947 31360 30756 
32839 32838 32839 32763 32763 31948 31367 30767 
32837 32838 32838 32761 32761 31944 31360 30760 
32837 32838 32841 32761 32760 31945 31366 30764 
32838 32837 32838 32761 32760 31937 31350 30754 
32839 32837 32835 32759 32759 31951 31360 30759 
32836 32838 32838 32761 32761 31941 31355 30756 
32838 32837 32838 32761 32759 31946 31362 30759 
32837 32837 32838 32759 32761 31947 31364 30757 
32836 32837 32838 32760 32759 31948 31382 30760 
32837 32839 32839 32762 32761 31949 31374 30764 
32839 32838 32838 32761 32762 31939 31363 30755 
32838 32839 32838 32761 32760 31950 31379 30771 
32839 32839 32839 32762 32760 31937 31368 30766 
32839 32840 32840 32761 32761 31941 31392 30790 
32837 32838 32838 32760 32762 31942 31393 30796 
32838 32837 32839 32761 32760 31935 31373 30778 
32837 32838 32838 32762 32761 31932 31372 30779 
32838 32838 32839 32762 32760 31936 31368 30774 
32837 32838 32838 32760 32760 31954 31385 30793 
32837 32839 32839 32763 32762 31929 31374 30777 
32838 32837 32838 32760 32759 31943 31388 30795 
32838 32838 32838 32761 32761 31940 31380 30790 
32838 32837 32836 32761 32760 31947 31375 30774 
32837 32839 32839 32761 32761 31955 31406 30790 
32839 32838 32837 32762 32762 31957 31402 30785 
32839 32839 32838 32763 32759 31955 31405 30804 
32836 32837 32843 32763 32760 31955 31405 30811 
32837 32837 32837 32762 32760 31967 31389 30814 
32838 32839 32838 32760 32760 31963 31385 30807 
32837 32837 32838 32761 32760 31972 31401 30811 
32839 32838 32839 32760 32761 31970 31394 30814 
32837 32839 32838 32760 32758 31970 31399 30815 
32838 32837 32839 32762 32761 31963 31398 30819 
32838 32838 32839 32761 32761 31959 31395 30812 
32837 32838 32838 32762 32759 31969 31403 30813 
32838 32839 32839 32761 32761 31950 31386 30805 
32839 32840 32839 32754 32761 31974 31399 30812 
32839 32840 32839 32761 32762 31958 31389 30801 
32839 32838 32839 32762 32761 31962 31396 30808 
32839 32839 32839 32763 32763 31951 31381 30797 
32840 32840 32839 32761 32763 31973 31392 30801 
32841 32839 32840 32763 32762 31975 31400 30811 
32840 32839 32839 32763 32762 31973 31402 30805 
32839 32841 32840 32762 32761 31970 31410 30821 
32838 32840 32847 32764 32762 31970 31406 30810 
32840 32840 32841 32764 32763 31976 31434 30851 
32840 32841 32840 32764 32764 31948 31411 30838 
32840 32841 32841 32762 32763 31954 31412 30832 
32840 32841 32841 32766 32769 31968 31416 30838 
32843 32839 32841 32764 32765 32019 31437 30846 
32841 32843 32843 32765 32766 31997 31437 30847 
32843 32841 32843 32766 32764 31984 31421 30839 
32843 32843 32843 32767 32767 31970 31416 30833 
32843 32844 32844 32767 32766 31964 31405 30827 
32845 32844 32846 32769 32768 31971 31405 30825 
32844 32846 32846 32767 32769 31961 31398 30818 
32845 32845 32844 32768 32767 31969 31399 30821 
32845 32844 32845 32768 32769 31967 31395 30816 
32844 32844 32843 32769 32768 31968 31399 30819 
32846 32845 32844 32768 32767 31974 31398 30817 
32847 32845 32844 32768 32769 31971 31412 30818 
32844 32845 32845 32771 32768 31965 31403 30820 
32844 32846 32845 32767 32769 31976 31409 30822 
32844 32846 32845 32767 32767 31969 31411 30821 
32843 32844 32845 32769 32771 31977 31413 30823 
32843 32851 32843 32767 32769 31967 31415 30824 
32844 32844 32844 32769 32768 31966 31407 30821 
32843 32844 32843 32769 32769 31972 31408 30824 
32843 32843 32843 32767 32768 31969 31405 30816 
32845 32843 32844 32769 32768 31974 31411 30824 
32840 32843 32843 32770 32768 31965 31403 30816 
32844 32844 32843 32769 32768 31971 31410 30824 
32843 32843 32844 32768 32768 31968 31400 30815 
32844 32842 32847 32768 32767 31971 31410 30813 
32843 32842 32843 32768 32774 31978 31414 30831 
32841 32845 32843 32768 32767 31971 31406 30818 
32843 32843 32842 32766 32765 31970 31410 30830 
32841 32841 32842 32765 32766 31960 31395 30816 
32842 32837 32840 32768 32767 31965 31407 30818 
32841 32842 32842 44529 44662 38540 35721 33413 
44670 44670 44667 44641 44640 40292 37362 34685 
44659 44658 44658 44635 44634 41430 38685 35881 
44657 44659 44660 44634 44635 42146 39691 36932 
44661 44662 44663 44639 44639 42574 40431 37812 
44664 44667 44667 44645 44645 42809 40926 38524 
44672 44675 44676 44652 44654 42926 41258 39090 
44681 44683 44684 44661 44663 42935 41422 39485 
44691 44692 44692 44672 44672 42931 41514 39782 
44699 44699 44702 44679 44681 42891 41532 39969 
44706 44708 44709 44688 44690 42852 41515 40092 
44714 44716 44716 44697 44696 42802 41447 40136 
44721 44721 44724 44703 44703 42796 41405 40152 
44726 44727 44727 44709 44709 42753 41349 40149 
44731 44731 44732 44714 44716 42722 41287 40107 
44735 44734 44736 44718 44720 42706 41245 40078 
44736 44738 44739 44722 44725 42657 41175 40012 
44740 44738 44741 44725 44726 42664 41153 39970 
44743 44742 44742 44727 44728 42664 41121 39927 
44742 44744 44743 44728 44730 42683 41106 39883 
44744 44744 44744 44731 44730 42686 41099 39855 
44744 44744 44745 44742 44734 42706 41100 39824 
44744 44744 44744 44731 44731 42717 41112 39812 
44744 44745 44745 44731 44732 42733 41112 39795 
44744 44744 44744 44734 44733 42766 41139 39796 
44744 44744 44745 44732 44729 42755 41142 39783 
44744 44745 44745 44732 44731 42797 41170 39793 
44743 44743 44744 44733 44733 42808 41193 39800 
44745 44745 44745 44731 44732 42832 41212 39809 
44742 44745 44745 44731 44731 42858 41241 39821 
44745 44743 44744 44731 44731 42869 41265 39828 
44744 44743 44743 44731 44732 42893 41294 39862 
44743 44745 44741 44729 44731 42905 41309 39866 
44744 44743 44745 44731 44729 42944 41351 39900 
44745 44743 44744 44730 44732 42955 41369 39912 
44744 44745 44742 44727 44729 42979 41416 39946 
44747 44744 44743 44730 44729 42985 41435 39980 
44743 44743 44742 44729 44731 43021 41474 40002 
44742 44743 44742 44731 44729 43029 41502 40034 
44738 44743 44743 44733 44731 43054 41535 40069 
44744 44744 44744 44730 44731 43069 41574 40109 
44744 44744 44742 44731 44731 43079 41592 40140 
44745 44745 44744 44730 44734 43109 41631 40172 
44744 44745 44745 44731 44730 43117 41661 40202 
44745 44744 44744 44731 44730 43134 41683 40237 
44743 44745 44745 44732 44733 43147 41711 40265 
44744 44745 44746 44733 44732 43157 41735 40303 
44745 44744 44739 44730 44731 43180 41772 40335 
44744 44744 44745 44730 44730 43163 41797 40371 
44744 44745 44744 44731 44729 43174 41804 40394 
44745 44745 44746 44731 44731 43206 41841 40420 
44746 44745 44745 44731 44731 43211 41859 40450 
44746 44745 44745 44731 44731 43233 41883 40480 
44744 44744 44746 44731 44730 43235 41909 40512 
44745 44747 44746 44731 44731 43244 41913 40530 
44739 44743 44744 44730 44730 43264 41955 40568 
44743 44743 44744 44730 44731 43266 41969 40592 
44743 44743 44744 44732 44731 43282 41987 40622 
44744 44745 44746 44732 44732 43286 42013 40649 
44746 44746 44747 44732 44733 43304 42039 40693 
44747 44748 44746 44733 44734 43311 42051 40712 
44748 44749 44748 44734 44735 43320 42074 40738 
44747 44748 44748 44734 44734 43320 42089 40771 
44749 44748 44748 44735 44735 43323 42093 40777 
44748 44747 44748 44735 44736 43332 42118 40818 
44748 44749 44748 44735 44735 43344 42121 40831 
44748 44748 44749 44735 44736 43345 42151 40867 
44750 44748 44749 44735 44735 43349 42153 40888 
44748 44748 44748 44735 44735 43363 42173 40905 
44749 44747 44748 44736 44735 43362 42180 40929 
44747 44747 44747 44731 44735 43375 42196 40945 
44745 44748 44747 44734 44733 43374 42213 40968 
44747 44745 44747 44735 44732 43381 42218 40988 
44746 44745 44745 44734 44735 43391 42232 41003 
44747 44746 44746 44733 44733 43384 42236 41014 
44746 44744 44747 44733 44734 43393 42252 41040 
44747 44746 44745 44734 44734 43396 42258 41047 
44748 44748 44746 44734 44734 43400 42268 41070 
44745 44747 44743 44734 44733 43400 42269 41072 
44748 44745 44745 44735 44734 43400 42279 41086 
44747 44747 44746 44733 44734 43407 42287 41107 
44747 44747 44747 44738 44733 43406 42290 41112 
44747 44745 44747 44736 44735 43410 42302 41134 
44748 44747 44747 44733 44734 43405 42291 41126 
44748 44748 44747 44734 44734 43409 42306 41146 
44748 44748 44745 44735 44735 43404 42299 41152 
44747 44743 44745 44735 44736 43422 42317 41163 
44747 44747 44751 44735 44731 43421 42329 41182 
44748 44748 44747 44735 44736 43430 42333 41185 
44749 44747 44747 44734 44735 43431 42349 41203 
44749 44748 44748 44735 44734 43431 42349 41213 
44747 44748 44748 44736 44734 43446 42374 41237 
44749 44747 44747 44734 44735 43427 42368 41239 
44748 44749 44748 44736 44735 43443 42385 41260 
44749 44749 44749 44735 44735 43437 42379 41265 
44748 44748 44745 44736 44735 43447 42383 41271 
44748 44747 44747 44735 44734 43449 42382 41275 
44747 44746 44748 44736 44736 43451 42395 41279 
44748 44746 44747 44734 44733 43450 42400 41295 
44749 44748 44747 44734 44735 43444 42388 41285 
44747 44749 44747 44735 44735 43454 42399 41302 
44749 44749 44749 44735 44735 43448 42388 41298 
44749 44749 44749 44736 44735 43450 42402 41306 
44749 44748 44747 44736 44736 43441 42389 41308 
44748 44749 44747 44734 44736 43449 42397 41308 
44749 44750 44748 44735 44736 43443 42406 41311 
44749 44748 44750 44735 44734 43439 42409 41319 
44748 44749 44749 44730 44734 43431 42410 41325 
44749 44749 44748 44733 44735 43428 42395 41321 
44749 44749 44748 44734 44735 43444 42404 41329 
44749 44750 44749 44735 44735 43439 42401 41321 
44749 44747 44749 44735 44735 43443 42402 41328 
44747 44749 44749 44735 44736 43453 42408 41329 
44749 44748 44749 44736 44734 43451 42412 41341 
44748 44748 44749 44735 44735 43455 42409 41336 
44749 44747 44749 44736 44735 43458 42411 41328 
44748 44749 44749 44735 44735 43460 42442 41341 
44748 44747 44748 44734 44734 43465 42442 41352 
44749 44747 44747 44735 44733 43456 42434 41354 
44748 44749 44747 44734 44733 43464 42444 41369 
44747 44747 44747 44734 44734 43462 42446 41382 
44747 44747 44746 44734 44734 43479 42457 41393 
44746 44748 44746 44733 44733 43483 42459 41401 
44746 44746 44747 44733 44734 43478 42464 41401 
44747 44747 44747 44735 44734 43483 42475 41424 
44749 44749 44747 44732 44735 43526 42502 41438 
44748 44750 44749 44734 44735 43512 42506 41456 
44748 44747 44748 44737 44736 43510 42499 41451 
44749 44749 44747 44735 44737 43510 42511 41456 
44750 44749 44748 44734 44736 43501 42505 41466 
44748 44745 44749 44736 44737 43501 42502 41464 
44749 44749 44749 44736 44736 43493 42496 41462 
44748 44748 44747 44733 44733 43490 42486 41455 
44746 44747 44747 44733 44733 43486 42488 41452 
44746 44745 44746 44733 44733 43468 42460 41433 
44746 44745 44744 44731 44733 43495 42468 41434 
44744 44745 44744 44731 44731 43482 42462 41423 
44744 44743 44743 44731 44730 43479 42461 41423 
44743 44743 44743 44731 44731 43472 42458 41416 
44743 44743 44742 44730 44728 43470 42453 41417 
44743 44743 44743 44738 44732 43476 42456 41420 
44745 44743 44744 44730 44729 43470 42453 41411 
44744 44742 44744 44731 44730 43472 42462 41425 
44743 44744 44743 44730 44726 43469 42452 41416 
44745 44742 44743 44730 44729 43472 42462 41429 
44743 44744 44743 44730 44732 43475 42461 41425 
44745 44745 44744 44732 44731 43483 42472 41430 
44747 44744 44747 44731 44729 43490 42483 41447 
44747 44746 44746 44733 44742 43523 42498 41449 
44748 44747 44749 44734 44733 43525 42509 41463 
44748 44749 44748 44734 44735 43508 42501 41461 
44749 44749 44749 44737 44734 43513 42511 41469 
44749 44749 44751 44735 44735 43496 42494 41463 
44747 44750 44750 44735 44736 43499 42495 41464 
44749 44748 44750 44737 44735 43491 42484 41444 
44750 44749 44750 44737 44738 43496 42507 41453 
44752 44751 44751 44736 44737 43495 42500 41461 
44750 44750 44751 44739 44738 43492 42494 41460 
44751 44751 44751 44737 44733 43487 42488 41462 
44750 44751 44751 44737 44737 43490 42490 41456 
44750 44751 44750 44738 44737 43494 42499 41467 
44751 44750 44750 44736 44738 43484 42482 41459 
44750 44750 44751 44737 44738 43497 42496 41457 
44752 44751 44750 44738 44738 43491 42491 41467 
44750 44750 44752 44739 44739 43497 42501 41486 
44752 44751 44751 44739 44738 43495 42506 41492 
44752 44750 44752 44739 44737 43496 42494 41479 
44751 44750 44744 44736 44739 43505 42504 41486 
44753 44752 44751 44737 44728 43477 42482 41467 
44749 44751 44751 44737 44738 43489 42492 41470 
44751 44753 44750 44737 44739 43485 42485 41466 
44751 44751 44749 44738 44737 43494 42490 41467 
44750 44750 44750 44738 44737 43492 42492 41465 
44749 44748 44749 44738 44737 43493 42495 41475 
44751 44750 44749 44736 44737 43492 42495 41481 
44750 44750 44750 44739 44736 43490 42488 41468 
44751 44751 44751 44739 44739 43500 42501 41478 
44752 44745 44750 44738 44737 43489 42487 41464 
44752 44751 44752 44739 44738 43489 42490 41465 
44751 44752 44750 44739 44740 43487 42487 41471 
44753 44753 44751 44739 44741 43493 42490 41460 
44754 44755 44754 44739 44741 43496 42493 41485 
44755 44754 44754 44742 44740 43496 42495 41483 
44756 44754 44753 44740 44741 43494 42494 41480 
44754 44755 44754 44740 44740 43497 42500 41468 
44754 44753 44754 44740 44739 43478 42460 41449 
44755 44754 44754 44741 44743 43487 42473 41446 
44753 44755 44755 44741 44741 43484 42478 41453 
44754 44755 44755 44740 44741 43481 42491 41459 
44755 44755 44755 44742 44742 43465 42484 41457 
44756 44756 44756 44741 44742 43472 42473 41444 
44755 44757 44755 44741 44743 43470 42472 41438 
44755 44755 44755 44743 44741 43467 42471 41436 
44754 44755 44755 44741 44742 43484 42482 41450 
44754 44754 44755 44742 44741 43477 42470 41437 
44754 44754 44755 44740 44740 43477 42472 41440 
44755 44755 44753 44742 44741 43475 42465 41432 
44756 44754 44754 44740 44740 43482 42469 41436 
44752 44752 44754 44740 44741 43483 42470 41438 
44754 44754 44755 44740 44739 43480 42468 41428 
44752 44752 44755 44739 44739 43478 42459 41427 
44753 44752 44752 44740 44740 43478 42480 41421 
44754 44752 44752 44739 44738 43479 42482 41436 
44752 44753 44753 44740 44739 43472 42468 41426 
44751 44753 44753 44739 44739 43481 42475 41428 
44750 44753 44755 44740 44739 43467 42461 41426 
44752 44753 44754 44740 44740 43481 42468 41427 
44753 44753 44753 44738 44739 43472 42463 41430 
44752 44752 44753 44738 44741 43486 42467 41420 
44752 44752 44753 44737 44737 43483 42474 41426 
44750 44751 44751 44737 44737 43477 42473 41426 
44752 44750 44751 44738 44738 43489 42476 41431 
44751 44750 44751 44738 44737 43474 42467 41424 
44749 44751 44752 44738 44737 43476 42465 41420 
44750 44750 44750 44736 44735 43470 42464 41418 
44750 44751 44749 44736 44736 43467 42455 41417 
44748 44748 44749 44735 44735 43469 42448 41414 
44748 44750 44749 44739 44734 43467 42450 41398 
44749 44749 44748 44735 44734 43467 42453 41415 
44749 44748 44747 44733 44734 43468 42449 41408 
44747 44747 44748 44735 44733 43469 42456 41416 
44747 44746 44747 44734 44732 43467 42447 41409 
44746 44746 44746 44738 44732 43466 42453 41406 
44745 44745 44745 44733 44730 43466 42452 41413 
44746 44744 44745 44731 44732 43470 42448 41405 
44746 44746 44744 44732 44732 43469 42457 41414 
44745 44746 44745 44731 44730 43472 42452 41411 
44745 44744 44745 44731 44731 43474 42462 41414 
44745 44744 44744 44730 44731 43461 42450 41409 
44745 44747 44744 44730 44731 43474 42449 41407 
44744 44743 44745 44731 44730 43464 42452 41407 
44744 44744 44742 44731 44732 43469 42448 41409 
44744 44744 44744 44729 44730 43469 42454 41411 
44742 44744 44746 44730 44733 43475 42456 41413 
44745 44744 44745 44733 44732 43478 42457 41418 
44745 44747 44745 44731 44732 43467 42455 41410 
44746 44746 44746 44731 44731 43472 42456 41423 
44745 44746 44747 44732 44732 43469 42450 41411 
44747 44745 44746 44732 44734 43473 42454 41415 
44747 44747 44746 44732 44732 43474 42450 41413 
44746 44747 44747 44733 44731 43468 42458 41411 
44747 44745 44745 44732 44731 43470 42459 41442 
44747 44747 44744 44732 44733 43461 42420 41411 
44744 44746 44745 44732 44731 43469 42437 41418 
44747 44745 44747 44733 44732 43466 42432 41407 
44744 44744 44745 44732 44732 43468 42446 41409 
44747 44745 44754 44733 44731 43473 42441 41410 
44744 44745 44745 44731 44732 43475 42443 41405 
44744 44746 44746 44732 44731 43474 42451 41405 
44746 44744 44746 44731 44732 43471 42452 41410 
44745 44747 44744 33025 32890 36926 38162 38823 
32922 32921 32922 32940 32941 35213 36548 37579 
32924 32923 32923 32938 32936 34079 35229 36389 
32926 32921 32922 32921 32919 33338 34228 35346 
32919 32921 32921 32903 32900 32892 33476 34462 
32917 32916 32916 32885 32883 32653 32969 33740 
32913 32911 32911 32870 32866 32529 32631 33169 
32903 32904 32904 32856 32854 32503 32443 32758 
32898 32897 32895 32843 32840 32511 32363 32476 
32891 32890 32890 32830 32830 32544 32323 32269 
32884 32884 32882 32824 32819 32605 32366 32158 
32877 32885 32880 32811 32810 32635 32398 32092 
32870 32871 32870 32803 32804 32678 32454 32074 
32867 32866 32868 32796 32796 32695 32510 32078 
32861 32862 32863 32792 32796 32728 32567 32115 
32860 32861 32860 32788 32785 32747 32614 32151 
32857 32857 32857 32783 32784 32753 32660 32191 
32855 32858 32854 32779 32779 32761 32691 32240 
32853 32852 32851 32776 32776 32752 32714 32271 
32852 32852 32851 32776 32776 32748 32743 32333 
32852 32851 32840 32774 32775 32732 32736 32350 
32849 32851 32851 32772 32773 32724 32757 32388 
32849 32848 32849 32773 32772 32707 32737 32411 
32849 32849 32848 32772 32772 32701 32733 32410 
32849 32851 32851 32778 32771 32686 32740 32433 
32851 32851 32850 32772 32773 32669 32717 32433 
32852 32851 32849 32774 32775 32649 32711 32442 
32850 32851 32850 32774 32775 32627 32672 32434 
32848 32852 32852 32774 32773 32617 32663 32431 
32850 32851 32851 32776 32775 32587 32627 32415 
32851 32852 32851 32775 32775 32584 32612 32409 
32851 32853 32852 32774 32776 32577 32602 32402 
32851 32849 32850 32776 32773 32553 32558 32393 
32852 32851 32850 32773 32776 32530 32523 32368 
32851 32851 32850 32775 32773 32504 32498 32337 
32851 32851 32852 32776 32775 32470 32460 32313 
32851 32853 32850 32775 32776 32452 32429 32268 
32851 32851 32851 32775 32776 32431 32391 32246 
32850 32851 32852 32774 32774 32420 32366 32208 
32849 32853 32852 32776 32774 32413 32349 32179 
32852 32845 32850 32774 32774 32388 32313 32158 
32850 32851 32851 32775 32774 32372 32283 32114 
32850 32850 32850 32773 32772 32351 32254 32094 
32849 32849 32848 32773 32774 32334 32217 32045 
32850 32848 32848 32772 32774 32317 32216 32030 
32848 32849 32849 32773 32774 32279 32159 31989 
32848 32849 32849 32773 32773 32278 32141 31957 
32847 32849 32849 32770 32770 32259 32105 31921 
32847 32850 32846 32770 32772 32256 32081 31892 
32847 32848 32848 32771 32770 32243 32051 31858 
32847 32847 32848 32771 32771 32222 32021 31824 
32848 32848 32848 32771 32770 32221 32008 31795 
32848 32848 32850 32770 32771 32204 31978 31757 
32846 32848 32849 32771 32770 32204 31958 31731 
32848 32847 32849 32770 32770 32198 31935 31696 
32848 32848 32847 32771 32772 32192 31921 31675 
32845 32848 32848 32771 32768 32181 31900 31640 
32847 32845 32847 32770 32770 32164 31886 31614 
32847 32846 32845 32770 32769 32153 31862 31592 
32846 32848 32848 32771 32769 32144 31842 31555 
32845 32844 32845 32771 32769 32130 31822 31538 
32847 32845 32846 32769 32768 32123 31796 31497 
